crossing time (s)	slope (V/s)	crossing number
281474976710655.000000	67.907066	6724	0.000000
281474976710655.000000	59.866646	6725	0.000000
281474976710655.000000	35.691635	6726	0.000000
281474976710655.000000	46.412754	6727	0.000000
281474976710655.000000	38.046356	6728	0.000000
281474976710655.000000	56.131618	6729	0.000000
281474976710655.000000	124.329811	6730	0.000000
281474976710655.000000	81.064842	6731	0.000000
281474976710655.000000	59.837757	6732	0.000000
281474976710655.000000	44.181828	6733	0.000000
281474976710655.000000	113.098152	6734	0.000000
281474976710655.000000	55.313309	6735	0.000000
281474976710655.000000	92.671295	6736	0.000000
281474976710655.000000	48.269188	6737	0.000000
281474976710655.000000	41.722797	6738	0.000000
281474976710655.000000	89.773247	6739	0.000000
281474976710655.000000	53.953884	6740	0.000000
281474976710655.000000	77.144699	6741	0.000000
281474976710655.000000	54.344742	6742	0.000000
281474976710655.000000	76.148102	6743	0.000000
281474976710655.000000	39.745796	6744	0.000000
281474976710655.000000	52.262604	6745	0.000000
281474976710655.000000	51.103325	6746	0.000000
281474976710655.000000	53.038292	6747	0.000000
281474976710655.000000	39.911533	6748	0.000000
281474976710655.000000	49.153152	6749	0.000000
281474976710655.000000	33.706524	6750	0.000000
281474976710655.000000	57.638481	6751	0.000000
281474976710655.000000	52.151958	6752	0.000000
281474976710655.000000	52.476196	6753	0.000000
281474976710655.000000	58.608822	6754	0.000000
281474976710655.000000	68.131805	6755	0.000000
281474976710655.000000	48.836349	6756	0.000000
281474976710655.000000	47.100632	6757	0.000000
281474976710655.000000	41.177944	6758	0.000000
281474976710655.000000	52.130169	6759	0.000000
281474976710655.000000	46.845894	6760	0.000000
281474976710655.000000	46.712337	6761	0.000000
281474976710655.000000	42.982334	6762	0.000000
281474976710655.000000	32.394424	6763	0.000000
281474976710655.000000	42.438034	6764	0.000000
281474976710655.000000	47.041683	6765	0.000000
281474976710655.000000	46.335320	6766	0.000000
281474976710655.000000	48.182686	6767	0.000000
281474976710655.000000	65.105492	6768	0.000000
281474976710655.000000	43.965675	6769	0.000000
281474976710655.000000	48.211151	6770	0.000000
281474976710655.000000	45.156651	6771	0.000000
281474976710655.000000	47.254730	6772	0.000000
281474976710655.000000	48.024235	6773	0.000000
281474976710655.000000	63.398689	6774	0.000000
281474976710655.000000	35.349514	6775	0.000000
281474976710655.000000	42.797016	6776	0.000000
281474976710655.000000	36.322628	6777	0.000000
281474976710655.000000	57.290817	6778	0.000000
281474976710655.000000	44.922451	6779	0.000000
281474976710655.000000	45.986034	6780	0.000000
281474976710655.000000	36.206371	6781	0.000000
281474976710655.000000	39.756313	6782	0.000000
281474976710655.000000	48.701824	6783	0.000000
281474976710655.000000	43.067917	6784	0.000000
281474976710655.000000	43.639935	6785	0.000000
281474976710655.000000	36.335224	6786	0.000000
281474976710655.000000	35.371937	6787	0.000000
281474976710655.000000	37.352299	6788	0.000000
281474976710655.000000	46.512512	6789	0.000000
281474976710655.000000	36.752537	6790	0.000000
281474976710655.000000	50.057938	6791	0.000000
281474976710655.000000	41.265339	6792	0.000000
281474976710655.000000	37.614830	6793	0.000000
281474976710655.000000	55.742603	6794	0.000000
281474976710655.000000	40.941551	6795	0.000000
281474976710655.000000	33.486595	6796	0.000000
281474976710655.000000	54.873234	6797	0.000000
281474976710655.000000	43.035992	6798	0.000000
281474976710655.000000	35.845409	6799	0.000000
281474976710655.000000	32.720951	6800	0.000000
281474976710655.000000	40.458679	6801	0.000000
281474976710655.000000	32.751740	6802	0.000000
281474976710655.000000	36.124660	6803	0.000000
281474976710655.000000	40.787960	6804	0.000000
281474976710655.000000	40.074570	6805	0.000000
281474976710655.000000	41.397423	6806	0.000000
281474976710655.000000	35.444000	6807	0.000000
281474976710655.000000	34.364594	6808	0.000000
281474976710655.000000	39.771179	6809	0.000000
281474976710655.000000	36.776443	6810	0.000000
281474976710655.000000	31.815422	6811	0.000000
281474976710655.000000	30.450674	6812	0.000000
281474976710655.000000	32.172577	6813	0.000000
281474976710655.000000	39.478062	6814	0.000000
281474976710655.000000	35.436768	6815	0.000000
281474976710655.000000	33.593742	6816	0.000000
281474976710655.000000	33.769196	6817	0.000000
281474976710655.000000	32.708355	6818	0.000000
281474976710655.000000	40.838963	6819	0.000000
281474976710655.000000	33.482620	6820	0.000000
281474976710655.000000	31.299574	6821	0.000000
281474976710655.000000	32.370781	6822	0.000000
281474976710655.000000	38.825413	6823	0.000000
281474976710655.000000	36.094162	6824	0.000000
281474976710655.000000	29.194065	6825	0.000000
281474976710655.000000	32.516899	6826	0.000000
281474976710655.000000	41.848869	6827	0.000000
281474976710655.000000	36.143501	6828	0.000000
281474976710655.000000	29.833590	6829	0.000000
281474976710655.000000	30.536007	6830	0.000000
281474976710655.000000	32.404106	6831	0.000000
281474976710655.000000	43.592720	6832	0.000000
281474976710655.000000	30.382418	6833	0.000000
281474976710655.000000	31.744001	6834	0.000000
281474976710655.000000	33.713860	6835	0.000000
281474976710655.000000	36.323505	6836	0.000000
281474976710655.000000	39.130787	6837	0.000000
281474976710655.000000	32.381638	6838	0.000000
281474976710655.000000	34.393795	6839	0.000000
281474976710655.000000	28.659447	6840	0.000000
281474976710655.000000	25.894892	6841	0.000000
281474976710655.000000	31.641586	6842	0.000000
281474976710655.000000	35.694172	6843	0.000000
281474976710655.000000	41.774887	6844	0.000000
281474976710655.000000	29.377361	6845	0.000000
281474976710655.000000	42.302830	6846	0.000000
281474976710655.000000	34.923901	6847	0.000000
281474976710655.000000	28.819078	6848	0.000000
281474976710655.000000	39.346191	6849	0.000000
281474976710655.000000	26.764482	6850	0.000000
281474976710655.000000	34.104870	6851	0.000000
281474976710655.000000	27.868793	6852	0.000000
281474976710655.000000	28.742220	6853	0.000000
281474976710655.000000	36.953968	6854	0.000000
281474976710655.000000	28.167803	6855	0.000000
281474976710655.000000	35.609985	6856	0.000000
281474976710655.000000	31.356453	6857	0.000000
281474976710655.000000	30.992554	6858	0.000000
281474976710655.000000	29.885698	6859	0.000000
281474976710655.000000	33.216652	6860	0.000000
281474976710655.000000	35.026802	6861	0.000000
281474976710655.000000	27.415972	6862	0.000000
281474976710655.000000	38.742149	6863	0.000000
281474976710655.000000	34.231422	6864	0.000000
281474976710655.000000	33.956673	6865	0.000000
281474976710655.000000	30.830278	6866	0.000000
281474976710655.000000	33.150276	6867	0.000000
281474976710655.000000	26.440865	6868	0.000000
281474976710655.000000	29.728285	6869	0.000000
281474976710655.000000	35.516762	6870	0.000000
281474976710655.000000	36.872807	6871	0.000000
281474976710655.000000	24.777689	6872	0.000000
281474976710655.000000	29.457439	6873	0.000000
281474976710655.000000	27.582319	6874	0.000000
281474976710655.000000	25.227617	6875	0.000000
281474976710655.000000	23.684744	6876	0.000000
281474976710655.000000	26.924913	6877	0.000000
281474976710655.000000	25.256794	6878	0.000000
281474976710655.000000	24.387526	6879	0.000000
281474976710655.000000	30.454569	6880	0.000000
281474976710655.000000	31.434246	6881	0.000000
281474976710655.000000	29.358915	6882	0.000000
281474976710655.000000	25.389021	6883	0.000000
281474976710655.000000	23.763590	6884	0.000000
281474976710655.000000	33.972927	6885	0.000000
281474976710655.000000	24.829855	6886	0.000000
281474976710655.000000	26.604977	6887	0.000000
281474976710655.000000	29.433855	6888	0.000000
281474976710655.000000	28.994295	6889	0.000000
281474976710655.000000	29.480528	6890	0.000000
281474976710655.000000	26.032907	6891	0.000000
281474976710655.000000	26.898706	6892	0.000000
281474976710655.000000	29.507818	6893	0.000000
281474976710655.000000	27.854769	6894	0.000000
281474976710655.000000	22.295179	6895	0.000000
281474976710655.000000	30.882885	6896	0.000000
281474976710655.000000	26.912889	6897	0.000000
281474976710655.000000	26.023365	6898	0.000000
281474976710655.000000	27.292236	6899	0.000000
281474976710655.000000	27.137234	6900	0.000000
281474976710655.000000	23.282583	6901	0.000000
281474976710655.000000	25.221813	6902	0.000000
281474976710655.000000	22.038862	6903	0.000000
281474976710655.000000	25.887436	6904	0.000000
281474976710655.000000	22.198305	6905	0.000000
281474976710655.000000	21.300982	6906	0.000000
281474976710655.000000	21.165342	6907	0.000000
281474976710655.000000	25.504633	6908	0.000000
281474976710655.000000	24.904510	6909	0.000000
281474976710655.000000	23.415026	6910	0.000000
281474976710655.000000	23.616070	6911	0.000000
281474976710655.000000	23.682171	6912	0.000000
281474976710655.000000	22.996193	6913	0.000000
281474976710655.000000	24.546297	6914	0.000000
281474976710655.000000	22.436167	6915	0.000000
281474976710655.000000	25.427732	6916	0.000000
281474976710655.000000	25.218996	6917	0.000000
281474976710655.000000	25.664715	6918	0.000000
281474976710655.000000	24.090725	6919	0.000000
281474976710655.000000	25.601633	6920	0.000000
281474976710655.000000	24.141882	6921	0.000000
281474976710655.000000	24.928486	6922	0.000000
281474976710655.000000	22.414709	6923	0.000000
281474976710655.000000	24.777699	6924	0.000000
281474976710655.000000	23.407736	6925	0.000000
281474976710655.000000	24.976439	6926	0.000000
281474976710655.000000	24.375751	6927	0.000000
281474976710655.000000	21.427391	6928	0.000000
281474976710655.000000	22.379553	6929	0.000000
281474976710655.000000	22.569336	6930	0.000000
281474976710655.000000	23.420521	6931	0.000000
281474976710655.000000	22.114304	6932	0.000000
281474976710655.000000	21.586411	6933	0.000000
281474976710655.000000	22.824139	6934	0.000000
281474976710655.000000	22.026714	6935	0.000000
281474976710655.000000	21.750389	6936	0.000000
281474976710655.000000	20.866482	6937	0.000000
281474976710655.000000	22.379641	6938	0.000000
281474976710655.000000	21.160906	6939	0.000000
281474976710655.000000	21.276573	6940	0.000000
281474976710655.000000	20.789915	6941	0.000000
281474976710655.000000	21.307865	6942	0.000000
281474976710655.000000	18.818300	6943	0.000000
281474976710655.000000	21.640276	6944	0.000000
281474976710655.000000	19.720282	6945	0.000000
281474976710655.000000	21.718319	6946	0.000000
281474976710655.000000	21.168562	6947	0.000000
281474976710655.000000	21.340532	6948	0.000000
281474976710655.000000	21.762407	6949	0.000000
281474976710655.000000	18.410461	6950	0.000000
281474976710655.000000	20.185244	6951	0.000000
281474976710655.000000	20.988232	6952	0.000000
281474976710655.000000	20.215847	6953	0.000000
281474976710655.000000	17.567438	6954	0.000000
281474976710655.000000	20.107174	6955	0.000000
281474976710655.000000	20.143015	6956	0.000000
281474976710655.000000	19.072569	6957	0.000000
281474976710655.000000	20.103609	6958	0.000000
281474976710655.000000	20.567673	6959	0.000000
281474976710655.000000	20.835123	6960	0.000000
281474976710655.000000	19.356810	6961	0.000000
281474976710655.000000	19.495350	6962	0.000000
281474976710655.000000	19.867277	6963	0.000000
281474976710655.000000	18.845972	6964	0.000000
281474976710655.000000	19.876223	6965	0.000000
281474976710655.000000	19.213264	6966	0.000000
281474976710655.000000	18.457762	6967	0.000000
281474976710655.000000	19.268652	6968	0.000000
281474976710655.000000	17.735161	6969	0.000000
281474976710655.000000	19.178337	6970	0.000000
281474976710655.000000	18.472326	6971	0.000000
281474976710655.000000	18.074579	6972	0.000000
281474976710655.000000	17.977594	6973	0.000000
281474976710655.000000	18.889139	6974	0.000000
281474976710655.000000	17.683842	6975	0.000000
281474976710655.000000	18.180490	6976	0.000000
281474976710655.000000	17.227125	6977	0.000000
281474976710655.000000	17.465752	6978	0.000000
281474976710655.000000	17.404856	6979	0.000000
281474976710655.000000	17.625160	6980	0.000000
281474976710655.000000	17.351252	6981	0.000000
281474976710655.000000	17.072975	6982	0.000000
281474976710655.000000	17.819942	6983	0.000000
281474976710655.000000	17.251085	6984	0.000000
281474976710655.000000	16.882851	6985	0.000000
281474976710655.000000	17.078835	6986	0.000000
281474976710655.000000	16.048557	6987	0.000000
281474976710655.000000	16.776722	6988	0.000000
281474976710655.000000	16.347471	6989	0.000000
281474976710655.000000	16.738985	6990	0.000000
281474976710655.000000	17.179491	6991	0.000000
281474976710655.000000	16.176130	6992	0.000000
281474976710655.000000	16.235098	6993	0.000000
281474976710655.000000	16.497448	6994	0.000000
281474976710655.000000	16.158895	6995	0.000000
281474976710655.000000	16.042639	6996	0.000000
281474976710655.000000	15.673882	6997	0.000000
281474976710655.000000	16.149872	6998	0.000000
281474976710655.000000	16.397360	6999	0.000000
281474976710655.000000	15.983893	7000	0.000000
281474976710655.000000	15.648372	7001	0.000000
281474976710655.000000	15.058308	7002	0.000000
281474976710655.000000	15.561396	7003	0.000000
281474976710655.000000	15.113625	7004	0.000000
281474976710655.000000	16.030478	7005	0.000000
281474976710655.000000	15.129058	7006	0.000000
281474976710655.000000	15.829156	7007	0.000000
281474976710655.000000	15.038872	7008	0.000000
281474976710655.000000	16.204651	7009	0.000000
281474976710655.000000	15.332028	7010	0.000000
281474976710655.000000	16.100029	7011	0.000000
281474976710655.000000	15.230102	7012	0.000000
281474976710655.000000	15.996804	7013	0.000000
281474976710655.000000	14.605736	7014	0.000000
281474976710655.000000	14.881807	7015	0.000000
281474976710655.000000	13.881621	7016	0.000000
281474976710655.000000	15.147439	7017	0.000000
281474976710655.000000	15.093794	7018	0.000000
281474976710655.000000	14.434035	7019	0.000000
281474976710655.000000	14.315243	7020	0.000000
281474976710655.000000	14.445462	7021	0.000000
281474976710655.000000	13.992198	7022	0.000000
281474976710655.000000	14.254416	7023	0.000000
281474976710655.000000	13.841709	7024	0.000000
281474976710655.000000	14.189022	7025	0.000000
281474976710655.000000	14.747158	7026	0.000000
281474976710655.000000	14.232679	7027	0.000000
281474976710655.000000	13.748408	7028	0.000000
281474976710655.000000	13.606016	7029	0.000000
281474976710655.000000	13.810954	7030	0.000000
281474976710655.000000	13.404439	7031	0.000000
281474976710655.000000	14.151297	7032	0.000000
281474976710655.000000	14.171387	7033	0.000000
281474976710655.000000	13.561625	7034	0.000000
281474976710655.000000	13.899943	7035	0.000000
281474976710655.000000	13.411091	7036	0.000000
281474976710655.000000	13.445261	7037	0.000000
281474976710655.000000	13.336397	7038	0.000000
281474976710655.000000	13.128111	7039	0.000000
281474976710655.000000	13.168785	7040	0.000000
281474976710655.000000	12.820186	7041	0.000000
281474976710655.000000	13.113995	7042	0.000000
281474976710655.000000	11.941607	7043	0.000000
281474976710655.000000	12.899695	7044	0.000000
281474976710655.000000	12.404228	7045	0.000000
281474976710655.000000	12.156212	7046	0.000000
281474976710655.000000	11.820724	7047	0.000000
281474976710655.000000	12.403085	7048	0.000000
281474976710655.000000	11.856949	7049	0.000000
281474976710655.000000	12.478660	7050	0.000000
281474976710655.000000	11.414615	7051	0.000000
281474976710655.000000	12.256740	7052	0.000000
281474976710655.000000	11.655108	7053	0.000000
281474976710655.000000	12.618518	7054	0.000000
281474976710655.000000	11.592372	7055	0.000000
281474976710655.000000	11.695575	7056	0.000000
281474976710655.000000	11.985938	7057	0.000000
281474976710655.000000	11.665567	7058	0.000000
281474976710655.000000	11.746113	7059	0.000000
281474976710655.000000	11.277413	7060	0.000000
281474976710655.000000	11.572275	7061	0.000000
281474976710655.000000	11.727096	7062	0.000000
281474976710655.000000	11.381343	7063	0.000000
281474976710655.000000	11.512907	7064	0.000000
281474976710655.000000	11.183027	7065	0.000000
281474976710655.000000	11.404196	7066	0.000000
281474976710655.000000	11.274547	7067	0.000000
281474976710655.000000	11.278396	7068	0.000000
281474976710655.000000	11.355839	7069	0.000000
281474976710655.000000	11.105994	7070	0.000000
281474976710655.000000	10.791573	7071	0.000000
281474976710655.000000	10.773383	7072	0.000000
281474976710655.000000	10.901018	7073	0.000000
281474976710655.000000	11.085937	7074	0.000000
281474976710655.000000	10.986071	7075	0.000000
281474976710655.000000	10.741183	7076	0.000000
281474976710655.000000	10.591242	7077	0.000000
281474976710655.000000	10.501009	7078	0.000000
281474976710655.000000	10.595990	7079	0.000000
281474976710655.000000	10.678783	7080	0.000000
281474976710655.000000	10.725444	7081	0.000000
281474976710655.000000	10.498699	7082	0.000000
281474976710655.000000	10.614399	7083	0.000000
281474976710655.000000	10.441904	7084	0.000000
281474976710655.000000	10.252391	7085	0.000000
281474976710655.000000	10.317704	7086	0.000000
281474976710655.000000	10.087297	7087	0.000000
281474976710655.000000	10.190031	7088	0.000000
281474976710655.000000	10.334633	7089	0.000000
281474976710655.000000	10.135238	7090	0.000000
281474976710655.000000	10.209464	7091	0.000000
281474976710655.000000	9.921168	7092	0.000000
281474976710655.000000	10.071415	7093	0.000000
281474976710655.000000	9.696032	7094	0.000000
281474976710655.000000	9.940008	7095	0.000000
281474976710655.000000	9.605779	7096	0.000000
281474976710655.000000	9.934133	7097	0.000000
281474976710655.000000	9.513176	7098	0.000000
281474976710655.000000	9.826260	7099	0.000000
281474976710655.000000	9.407925	7100	0.000000
281474976710655.000000	9.508867	7101	0.000000
281474976710655.000000	9.273914	7102	0.000000
281474976710655.000000	9.581424	7103	0.000000
281474976710655.000000	9.065657	7104	0.000000
281474976710655.000000	9.512385	7105	0.000000
281474976710655.000000	9.132681	7106	0.000000
281474976710655.000000	9.151418	7107	0.000000
281474976710655.000000	9.009502	7108	0.000000
281474976710655.000000	8.931366	7109	0.000000
281474976710655.000000	8.983818	7110	0.000000
281474976710655.000000	8.785853	7111	0.000000
