crossing time (s)	slope (V/s)	crossing number
281474976710655.000000	46.167080	1328	0.000000
281474976710655.000000	54.471146	1329	0.000000
281474976710655.000000	37.045990	1330	0.000000
281474976710655.000000	49.811508	1331	0.000000
281474976710655.000000	39.179665	1332	0.000000
281474976710655.000000	47.760704	1333	0.000000
281474976710655.000000	62.538368	1334	0.000000
281474976710655.000000	38.525810	1335	0.000000
281474976710655.000000	42.464287	1336	0.000000
281474976710655.000000	48.730618	1337	0.000000
281474976710655.000000	49.501255	1338	0.000000
281474976710655.000000	41.179893	1339	0.000000
281474976710655.000000	54.630470	1340	0.000000
281474976710655.000000	47.498962	1341	0.000000
281474976710655.000000	57.803055	1342	0.000000
281474976710655.000000	35.474186	1343	0.000000
281474976710655.000000	48.505314	1344	0.000000
281474976710655.000000	48.139389	1345	0.000000
281474976710655.000000	39.843163	1346	0.000000
281474976710655.000000	49.848976	1347	0.000000
281474976710655.000000	39.574799	1348	0.000000
281474976710655.000000	54.406696	1349	0.000000
281474976710655.000000	43.896580	1350	0.000000
281474976710655.000000	41.900864	1351	0.000000
281474976710655.000000	36.095253	1352	0.000000
281474976710655.000000	42.032810	1353	0.000000
281474976710655.000000	34.065434	1354	0.000000
281474976710655.000000	77.610123	1355	0.000000
281474976710655.000000	43.896042	1356	0.000000
281474976710655.000000	43.632439	1357	0.000000
281474976710655.000000	59.958630	1358	0.000000
281474976710655.000000	44.363861	1359	0.000000
281474976710655.000000	35.762001	1360	0.000000
281474976710655.000000	35.591194	1361	0.000000
281474976710655.000000	63.930634	1362	0.000000
281474976710655.000000	44.827175	1363	0.000000
281474976710655.000000	49.554119	1364	0.000000
281474976710655.000000	46.735493	1365	0.000000
281474976710655.000000	33.774273	1366	0.000000
281474976710655.000000	36.186928	1367	0.000000
281474976710655.000000	55.390312	1368	0.000000
281474976710655.000000	43.706287	1369	0.000000
281474976710655.000000	59.218895	1370	0.000000
281474976710655.000000	50.075996	1371	0.000000
281474976710655.000000	43.187138	1372	0.000000
281474976710655.000000	45.772495	1373	0.000000
281474976710655.000000	36.335121	1374	0.000000
281474976710655.000000	48.355865	1375	0.000000
281474976710655.000000	44.278831	1376	0.000000
281474976710655.000000	42.059132	1377	0.000000
281474976710655.000000	30.900930	1378	0.000000
281474976710655.000000	44.274975	1379	0.000000
281474976710655.000000	37.333187	1380	0.000000
281474976710655.000000	43.063156	1381	0.000000
281474976710655.000000	35.245232	1382	0.000000
281474976710655.000000	35.785351	1383	0.000000
281474976710655.000000	33.047276	1384	0.000000
281474976710655.000000	49.822598	1385	0.000000
281474976710655.000000	51.297207	1386	0.000000
281474976710655.000000	43.013664	1387	0.000000
281474976710655.000000	34.709751	1388	0.000000
281474976710655.000000	36.091652	1389	0.000000
281474976710655.000000	34.350044	1390	0.000000
281474976710655.000000	52.073757	1391	0.000000
281474976710655.000000	51.049446	1392	0.000000
281474976710655.000000	40.208439	1393	0.000000
281474976710655.000000	37.813744	1394	0.000000
281474976710655.000000	41.498856	1395	0.000000
281474976710655.000000	34.815090	1396	0.000000
281474976710655.000000	40.975700	1397	0.000000
281474976710655.000000	39.571041	1398	0.000000
281474976710655.000000	39.873974	1399	0.000000
281474976710655.000000	33.733433	1400	0.000000
281474976710655.000000	33.626812	1401	0.000000
281474976710655.000000	32.843636	1402	0.000000
281474976710655.000000	42.022873	1403	0.000000
281474976710655.000000	34.635597	1404	0.000000
281474976710655.000000	33.452202	1405	0.000000
281474976710655.000000	42.796104	1406	0.000000
281474976710655.000000	48.893627	1407	0.000000
281474976710655.000000	49.139282	1408	0.000000
281474976710655.000000	30.580202	1409	0.000000
281474976710655.000000	38.605789	1410	0.000000
281474976710655.000000	30.622606	1411	0.000000
281474976710655.000000	44.282246	1412	0.000000
281474976710655.000000	43.559429	1413	0.000000
281474976710655.000000	36.504852	1414	0.000000
281474976710655.000000	40.355217	1415	0.000000
281474976710655.000000	32.929649	1416	0.000000
281474976710655.000000	34.375637	1417	0.000000
281474976710655.000000	29.525003	1418	0.000000
281474976710655.000000	40.550655	1419	0.000000
281474976710655.000000	32.638321	1420	0.000000
281474976710655.000000	30.626560	1421	0.000000
281474976710655.000000	48.626659	1422	0.000000
281474976710655.000000	36.687607	1423	0.000000
281474976710655.000000	33.570721	1424	0.000000
281474976710655.000000	39.886730	1425	0.000000
281474976710655.000000	43.713253	1426	0.000000
281474976710655.000000	31.963543	1427	0.000000
281474976710655.000000	30.587475	1428	0.000000
281474976710655.000000	32.222122	1429	0.000000
281474976710655.000000	34.513374	1430	0.000000
281474976710655.000000	41.708931	1431	0.000000
281474976710655.000000	30.496965	1432	0.000000
281474976710655.000000	31.110064	1433	0.000000
281474976710655.000000	30.345846	1434	0.000000
281474976710655.000000	31.150606	1435	0.000000
281474976710655.000000	35.782131	1436	0.000000
281474976710655.000000	36.194084	1437	0.000000
281474976710655.000000	32.825241	1438	0.000000
281474976710655.000000	32.213451	1439	0.000000
281474976710655.000000	37.961601	1440	0.000000
281474976710655.000000	30.123446	1441	0.000000
281474976710655.000000	33.107998	1442	0.000000
281474976710655.000000	40.552959	1443	0.000000
281474976710655.000000	38.010395	1444	0.000000
281474976710655.000000	36.993305	1445	0.000000
281474976710655.000000	32.938808	1446	0.000000
281474976710655.000000	31.074572	1447	0.000000
281474976710655.000000	33.810280	1448	0.000000
281474976710655.000000	34.687763	1449	0.000000
281474976710655.000000	31.711870	1450	0.000000
281474976710655.000000	30.413885	1451	0.000000
281474976710655.000000	36.454147	1452	0.000000
281474976710655.000000	30.987898	1453	0.000000
281474976710655.000000	43.549957	1454	0.000000
281474976710655.000000	38.614727	1455	0.000000
281474976710655.000000	34.985203	1456	0.000000
281474976710655.000000	32.090660	1457	0.000000
281474976710655.000000	31.409727	1458	0.000000
281474976710655.000000	33.941196	1459	0.000000
281474976710655.000000	36.917408	1460	0.000000
281474976710655.000000	31.822470	1461	0.000000
281474976710655.000000	35.530373	1462	0.000000
281474976710655.000000	33.695221	1463	0.000000
281474976710655.000000	28.701883	1464	0.000000
281474976710655.000000	35.804356	1465	0.000000
281474976710655.000000	39.069332	1466	0.000000
281474976710655.000000	30.087339	1467	0.000000
281474976710655.000000	26.305311	1468	0.000000
281474976710655.000000	32.179287	1469	0.000000
281474976710655.000000	32.837799	1470	0.000000
281474976710655.000000	27.846136	1471	0.000000
281474976710655.000000	28.074503	1472	0.000000
281474976710655.000000	25.741734	1473	0.000000
281474976710655.000000	28.401733	1474	0.000000
281474976710655.000000	34.874908	1475	0.000000
281474976710655.000000	34.038330	1476	0.000000
281474976710655.000000	31.722383	1477	0.000000
281474976710655.000000	28.152216	1478	0.000000
281474976710655.000000	26.151934	1479	0.000000
281474976710655.000000	28.513151	1480	0.000000
281474976710655.000000	24.066313	1481	0.000000
281474976710655.000000	26.279081	1482	0.000000
281474976710655.000000	32.150570	1483	0.000000
281474976710655.000000	33.197842	1484	0.000000
281474976710655.000000	26.678188	1485	0.000000
281474976710655.000000	29.847685	1486	0.000000
281474976710655.000000	25.571871	1487	0.000000
281474976710655.000000	25.336752	1488	0.000000
281474976710655.000000	26.693159	1489	0.000000
281474976710655.000000	25.328201	1490	0.000000
281474976710655.000000	26.574438	1491	0.000000
281474976710655.000000	32.763084	1492	0.000000
281474976710655.000000	31.116259	1493	0.000000
281474976710655.000000	24.917461	1494	0.000000
281474976710655.000000	34.968689	1495	0.000000
281474976710655.000000	26.453289	1496	0.000000
281474976710655.000000	29.171062	1497	0.000000
281474976710655.000000	30.236486	1498	0.000000
281474976710655.000000	27.803154	1499	0.000000
281474976710655.000000	30.917543	1500	0.000000
281474976710655.000000	29.703783	1501	0.000000
281474976710655.000000	29.051847	1502	0.000000
281474976710655.000000	31.639709	1503	0.000000
281474976710655.000000	24.904554	1504	0.000000
281474976710655.000000	30.214729	1505	0.000000
281474976710655.000000	24.631800	1506	0.000000
281474976710655.000000	30.818575	1507	0.000000
281474976710655.000000	28.024971	1508	0.000000
281474976710655.000000	30.063286	1509	0.000000
281474976710655.000000	27.514023	1510	0.000000
281474976710655.000000	28.165361	1511	0.000000
281474976710655.000000	26.637026	1512	0.000000
281474976710655.000000	22.902769	1513	0.000000
281474976710655.000000	26.448923	1514	0.000000
281474976710655.000000	27.961899	1515	0.000000
281474976710655.000000	27.608034	1516	0.000000
281474976710655.000000	23.680714	1517	0.000000
281474976710655.000000	29.198540	1518	0.000000
281474976710655.000000	24.828787	1519	0.000000
281474976710655.000000	22.637280	1520	0.000000
281474976710655.000000	23.001583	1521	0.000000
281474976710655.000000	26.512865	1522	0.000000
281474976710655.000000	25.037346	1523	0.000000
281474976710655.000000	28.607107	1524	0.000000
281474976710655.000000	22.572931	1525	0.000000
281474976710655.000000	22.641150	1526	0.000000
281474976710655.000000	22.800901	1527	0.000000
281474976710655.000000	26.434803	1528	0.000000
281474976710655.000000	26.720549	1529	0.000000
281474976710655.000000	20.490477	1530	0.000000
281474976710655.000000	25.749372	1531	0.000000
281474976710655.000000	27.498339	1532	0.000000
281474976710655.000000	24.747419	1533	0.000000
281474976710655.000000	26.777372	1534	0.000000
281474976710655.000000	28.310963	1535	0.000000
281474976710655.000000	29.647074	1536	0.000000
281474976710655.000000	23.831919	1537	0.000000
281474976710655.000000	21.658209	1538	0.000000
281474976710655.000000	22.527853	1539	0.000000
281474976710655.000000	25.570580	1540	0.000000
281474976710655.000000	25.443180	1541	0.000000
281474976710655.000000	24.872202	1542	0.000000
281474976710655.000000	22.058556	1543	0.000000
281474976710655.000000	21.135069	1544	0.000000
281474976710655.000000	27.115438	1545	0.000000
281474976710655.000000	20.663168	1546	0.000000
281474976710655.000000	27.440489	1547	0.000000
281474976710655.000000	21.739759	1548	0.000000
281474976710655.000000	23.759584	1549	0.000000
281474976710655.000000	25.364033	1550	0.000000
281474976710655.000000	25.056534	1551	0.000000
281474976710655.000000	24.401014	1552	0.000000
281474976710655.000000	21.214216	1553	0.000000
281474976710655.000000	21.018257	1554	0.000000
281474976710655.000000	21.323435	1555	0.000000
281474976710655.000000	23.634262	1556	0.000000
281474976710655.000000	19.892900	1557	0.000000
281474976710655.000000	21.268110	1558	0.000000
281474976710655.000000	21.248125	1559	0.000000
281474976710655.000000	23.091436	1560	0.000000
281474976710655.000000	23.802042	1561	0.000000
281474976710655.000000	23.688498	1562	0.000000
281474976710655.000000	21.454283	1563	0.000000
281474976710655.000000	24.794991	1564	0.000000
281474976710655.000000	23.556608	1565	0.000000
281474976710655.000000	23.654383	1566	0.000000
281474976710655.000000	21.098475	1567	0.000000
281474976710655.000000	20.672276	1568	0.000000
281474976710655.000000	22.409380	1569	0.000000
281474976710655.000000	23.622244	1570	0.000000
281474976710655.000000	22.149174	1571	0.000000
281474976710655.000000	23.153408	1572	0.000000
281474976710655.000000	21.079418	1573	0.000000
281474976710655.000000	24.126560	1574	0.000000
281474976710655.000000	21.826477	1575	0.000000
281474976710655.000000	22.496391	1576	0.000000
281474976710655.000000	21.365543	1577	0.000000
281474976710655.000000	24.877607	1578	0.000000
281474976710655.000000	20.653421	1579	0.000000
281474976710655.000000	20.756626	1580	0.000000
281474976710655.000000	20.479813	1581	0.000000
281474976710655.000000	22.501003	1582	0.000000
281474976710655.000000	21.035486	1583	0.000000
281474976710655.000000	20.948792	1584	0.000000
281474976710655.000000	21.533739	1585	0.000000
281474976710655.000000	22.611343	1586	0.000000
281474976710655.000000	21.612257	1587	0.000000
281474976710655.000000	20.073421	1588	0.000000
281474976710655.000000	19.788898	1589	0.000000
281474976710655.000000	22.389481	1590	0.000000
281474976710655.000000	21.014784	1591	0.000000
281474976710655.000000	21.534470	1592	0.000000
281474976710655.000000	20.304663	1593	0.000000
281474976710655.000000	20.831335	1594	0.000000
281474976710655.000000	21.082563	1595	0.000000
281474976710655.000000	20.049965	1596	0.000000
281474976710655.000000	21.404869	1597	0.000000
281474976710655.000000	19.810606	1598	0.000000
281474976710655.000000	21.628201	1599	0.000000
281474976710655.000000	19.852470	1600	0.000000
281474976710655.000000	20.669809	1601	0.000000
281474976710655.000000	18.297474	1602	0.000000
281474976710655.000000	18.984186	1603	0.000000
281474976710655.000000	17.674824	1604	0.000000
281474976710655.000000	18.398029	1605	0.000000
281474976710655.000000	18.969294	1606	0.000000
281474976710655.000000	21.931862	1607	0.000000
281474976710655.000000	19.225252	1608	0.000000
281474976710655.000000	18.558798	1609	0.000000
281474976710655.000000	18.382463	1610	0.000000
281474976710655.000000	19.778152	1611	0.000000
281474976710655.000000	18.377592	1612	0.000000
281474976710655.000000	19.618799	1613	0.000000
281474976710655.000000	19.788305	1614	0.000000
281474976710655.000000	17.955608	1615	0.000000
281474976710655.000000	19.158470	1616	0.000000
281474976710655.000000	19.261021	1617	0.000000
281474976710655.000000	19.613804	1618	0.000000
281474976710655.000000	18.470545	1619	0.000000
281474976710655.000000	19.397869	1620	0.000000
281474976710655.000000	18.877024	1621	0.000000
281474976710655.000000	18.131508	1622	0.000000
281474976710655.000000	18.123743	1623	0.000000
281474976710655.000000	18.733324	1624	0.000000
281474976710655.000000	18.827524	1625	0.000000
281474976710655.000000	18.068857	1626	0.000000
281474976710655.000000	19.339369	1627	0.000000
281474976710655.000000	18.228470	1628	0.000000
281474976710655.000000	19.421318	1629	0.000000
281474976710655.000000	17.680508	1630	0.000000
281474976710655.000000	18.632177	1631	0.000000
281474976710655.000000	17.823271	1632	0.000000
281474976710655.000000	17.962042	1633	0.000000
281474976710655.000000	17.861897	1634	0.000000
281474976710655.000000	17.878387	1635	0.000000
281474976710655.000000	18.160528	1636	0.000000
281474976710655.000000	18.336733	1637	0.000000
281474976710655.000000	18.212900	1638	0.000000
281474976710655.000000	17.822218	1639	0.000000
281474976710655.000000	17.183578	1640	0.000000
281474976710655.000000	17.691841	1641	0.000000
281474976710655.000000	17.496548	1642	0.000000
281474976710655.000000	16.866810	1643	0.000000
281474976710655.000000	17.204763	1644	0.000000
281474976710655.000000	17.691038	1645	0.000000
281474976710655.000000	16.909483	1646	0.000000
281474976710655.000000	16.751955	1647	0.000000
281474976710655.000000	17.109028	1648	0.000000
281474976710655.000000	17.039413	1649	0.000000
281474976710655.000000	17.034388	1650	0.000000
281474976710655.000000	16.643774	1651	0.000000
281474976710655.000000	17.001101	1652	0.000000
281474976710655.000000	16.861177	1653	0.000000
