num crossings	time (s)	maj axis (mm)	min axis (mm)	theta (rad )	slope (V/s)
1367	76315.606142	63.568497	-1.379171	1.043410	78.076798
1369	76317.673323	62.641857	-1.361301	1.042748	72.195565
1371	76319.741414	61.509858	-1.379763	1.043342	69.446025
1373	76321.809389	60.390542	-1.394001	1.042335	67.655334
1375	76323.876142	59.391314	-1.404844	1.041417	66.148014
1377	76325.943825	58.354335	-1.379085	1.040637	62.821543
1379	76328.011684	57.831912	-1.403840	1.039613	64.372529
1381	76330.078755	56.673887	-1.390756	1.039394	61.238767
1383	76332.146930	55.659544	-1.414673	1.038467	58.948938
1385	76334.214046	54.967370	-1.396088	1.037889	56.725655
1387	76336.281212	54.444308	-1.399541	1.037190	55.436618
1389	76338.348499	53.196817	-1.398132	1.037598	53.008496
1391	76340.414867	52.192497	-1.400828	1.037107	51.425144
1393	76342.481998	51.557994	-1.406119	1.037507	50.795363
1395	76344.549616	50.686524	-1.411376	1.036717	45.459658
1397	76346.616173	49.894038	-1.420794	1.036072	48.104376
1399	76348.681493	49.265704	-1.389115	1.036544	44.810701
1401	76350.748076	48.000574	-1.383084	1.035280	44.346620
1403	76352.814074	47.390537	-1.388284	1.034934	41.614913
1405	76354.880233	46.592388	-1.375604	1.034197	41.690266
1407	76356.946547	45.912069	-1.371531	1.033257	38.733259
1409	76359.013734	45.089247	-1.352193	1.032195	39.266019
1411	76361.081220	44.300012	-1.353454	1.030781	37.748444
1413	76363.147299	43.710826	-1.308469	1.029174	34.996677
1415	76365.214185	42.933746	-1.338999	1.029645	34.327553
1417	76367.281549	42.086779	-1.298553	1.029237	33.689184
1419	76369.348626	41.264764	-1.296251	1.027858	32.038146
1421	76371.415985	40.587216	-1.305930	1.028353	30.784479
1423	76373.483189	39.923153	-1.313624	1.028567	30.821707
1425	76375.549844	39.314781	-1.284337	1.027466	28.492132
1427	76377.616427	38.514439	-1.284708	1.027851	28.583097
1429	76379.683817	37.805883	-1.271721	1.027939	28.716947
1431	76381.750813	37.126965	-1.259489	1.027490	26.006347
1433	76383.816126	36.549481	-1.227290	1.026678	26.557946
1435	76385.883845	35.609218	-1.227506	1.026331	25.063541
1437	76387.949932	35.303437	-1.231215	1.025459	23.456221
1439	76390.015272	34.692385	-1.222648	1.025242	24.631792
1441	76392.081367	34.157263	-1.207737	1.024783	23.124435
1445	76396.214285	32.813092	-1.198153	1.024835	21.648820
1447	76398.280748	32.398962	-1.174685	1.024836	21.071795
1449	76400.347252	31.831123	-1.164772	1.025364	19.636885
1451	76402.414004	31.173392	-1.150225	1.024991	19.242650
1453	76404.480458	30.681740	-1.145163	1.024752	18.099340
1455	76406.547056	30.073824	-1.133781	1.024099	18.068121
1457	76408.613686	29.671613	-1.122724	1.023479	17.240432
1459	76410.680216	28.994363	-1.117176	1.022270	16.728081
1461	76412.748107	28.351382	-1.097351	1.021038	15.974732
1463	76414.814054	27.908833	-1.086036	1.019834	15.304096
1465	76416.881789	27.364453	-1.084086	1.018937	14.950913
1467	76418.950408	26.930812	-1.066693	1.018406	14.099471
1469	76421.015706	26.345311	-1.053162	1.015836	13.550309
1471	76423.082394	26.038994	-1.032968	1.015356	13.145617
1475	76427.216048	25.043182	-1.006590	1.014333	12.365453
1477	76429.278609	24.739779	-0.989350	1.014829	12.245906
1479	76431.346270	24.134765	-0.982317	1.013939	11.200294
1481	76433.412073	23.933364	-0.951533	1.016288	10.995136
1483	76435.477869	23.331797	-0.957251	1.012176	11.005710
1485	76437.542795	22.854922	-0.937124	1.012945	10.120295
1487	76439.606151	22.499824	-0.928390	1.011673	10.049772
1489	76441.672176	22.248895	-0.915354	1.011678	9.474085
1491	76443.734954	21.587583	-0.906544	1.010065	9.637090
1493	76445.803248	21.221475	-0.882472	1.010182	8.845012
1495	76447.868463	20.879444	-0.870691	1.009263	8.702639
1497	76449.934825	20.437802	-0.860479	1.009780	8.170056
1499	76452.003398	19.861834	-0.860739	1.008511	7.868937
1501	76454.070437	19.788843	-1.050085	0.999570	7.504187
1505	76458.198304	18.915324	-0.812090	1.009958	7.443072
1507	76460.263987	18.747806	-0.770636	1.013140	6.851881
1509	76462.330274	18.438008	-0.734958	1.013736	6.402682
1511	76464.393462	18.158628	-0.769979	1.016232	5.892541
1513	76466.459145	17.636772	-0.763987	1.011001	6.299296
1515	76468.529722	17.354659	-0.752952	1.012435	6.188043
1517	76470.592096	16.953189	-0.745571	1.011216	5.589535
1519	76472.656413	16.857332	-0.728470	1.014663	5.364768
1521	76474.723457	16.429388	-0.766119	1.014991	5.279998
1523	76476.787620	16.170230	-0.786556	1.018219	5.387910
1527	76480.920771	15.480627	-0.710955	1.014149	5.214329
1529	76482.981136	15.238197	-0.710656	1.017621	4.883064
1531	76485.043102	14.936519	-0.694818	1.020666	4.341944
1533	76487.113712	14.641791	-0.701202	1.022403	4.789199
1535	76489.177116	14.462024	-0.662195	1.017215	4.503161
1537	76491.245387	14.078515	-0.667424	1.015585	3.651100
1539	76493.312030	13.743233	-0.663144	1.014456	3.984704
1541	76495.376353	13.563631	-0.649781	1.015637	3.356928
1543	76497.444600	13.385123	-0.642017	1.013907	3.519765
1545	76499.507619	13.054045	-0.639708	1.013579	3.390614
1547	76501.580430	12.954480	-0.609993	1.010392	3.321469
1549	76503.645057	12.692948	-0.634018	1.005672	3.006680
1553	76507.768721	12.152720	-0.603175	1.014636	3.167306
1555	76509.832873	11.793253	-0.615822	1.011814	2.690378
1557	76511.901553	11.610273	-0.600525	1.008632	2.438515
1559	76513.962397	11.384077	-0.597342	1.013099	2.576822
1561	76516.026789	10.954085	-0.609945	1.014401	2.497242
1563	76518.097048	10.976458	-0.589862	1.012194	2.450719
1565	76520.151155	10.733512	-0.577571	1.014437	1.997249
1567	76522.222429	10.507603	-0.578402	1.013271	2.028912
1569	76524.284023	10.264918	-0.563373	1.010177	2.314556
1571	76526.344973	10.002183	-0.567365	1.013922	2.203729
1573	76528.408444	7.710094	-0.339772	0.976117	1.672399
1575	76532.526991	0.075619	-0.130594	-0.294008	1.928303
1577	76536.668670	0.139035	-0.339915	-0.320407	1.624635
1579	76540.788249	0.077261	-0.032065	-1.924506	2.608738
