num crossings	time (s)	maj axis (mm)	min axis (mm)	theta (rad )	slope (V/s)
1677	2048.641105	68.371792	0.343167	3.688813	44.537991
1679	2050.703137	68.286632	0.316629	3.686335	45.673966
1681	2052.766301	68.223805	0.261379	3.683385	48.007386
1683	2054.828219	67.952024	0.256466	3.679684	48.169413
1685	2056.891129	67.846617	0.241864	3.677633	45.138235
1687	2058.952557	67.617816	0.260208	3.675687	48.366299
1689	2061.011919	67.479763	0.245516	3.675797	44.554677
1691	2063.068899	67.437463	0.256432	3.676715	47.171480
1693	2065.127269	67.203612	0.195536	3.676969	46.651551
1695	2067.185722	66.957379	0.179001	3.678459	44.961830
1697	2069.244333	66.604377	0.128465	3.679029	43.268966
1699	2071.304043	66.354564	0.100636	3.678297	43.474885
1701	2073.363808	66.271024	0.107542	3.679702	43.997548
1703	2075.424324	65.876850	0.058958	3.679662	44.570884
1705	2077.484381	65.967247	0.015617	3.682262	44.406312
1707	2079.544710	65.547072	-0.000401	3.683810	44.516363
1709	2081.603932	65.353739	-0.041312	3.684967	42.348856
1711	2083.662554	65.058448	-0.082154	3.685927	41.180522
1713	2085.719612	65.521688	-0.125967	3.682437	42.069326
1715	2087.774501	65.141847	-0.131851	3.678955	41.931069
1717	2089.830691	64.862729	-0.126699	3.675503	41.030293
1719	2091.886645	64.346333	-0.127969	3.673056	40.871449
1721	2093.943835	63.775941	-0.143164	3.672712	41.317346
1723	2096.003713	63.559661	-0.121740	3.673567	41.730340
1725	2098.066104	63.733898	-0.162063	3.674763	41.296427
1727	2100.128034	63.674933	-0.197355	3.676444	39.959833
1729	2102.190084	62.988866	-0.215528	3.675127	40.499081
1731	2104.252604	62.924239	-0.248227	3.676947	38.549891
1733	2106.313044	62.965700	-0.288633	3.676281	40.246008
1735	2108.373905	62.871882	-0.313422	3.676421	38.188786
1737	2110.433241	62.493961	-0.333817	3.676580	39.417377
1739	2112.492628	62.232706	-0.333296	3.674034	38.424272
1741	2114.552039	61.989754	-0.356187	3.673231	38.993399
1743	2116.610666	61.931274	-0.387684	3.672362	38.941316
1745	2118.669099	62.006477	-0.386305	3.672684	38.383673
1747	2120.726186	61.600670	-0.416107	3.669872	37.417314
1749	2122.783151	61.676618	-0.434702	3.671624	38.988670
1751	2124.839352	61.420324	-0.467433	3.673611	37.530558
1753	2126.894860	61.218708	-0.490956	3.676570	36.940643
1755	2128.952076	60.899506	-0.495832	3.677503	36.729551
1757	2131.009252	60.584210	-0.544987	3.680360	36.686094
1759	2133.068456	60.291445	-0.579238	3.678512	36.208628
1761	2135.129905	59.801754	-0.599027	3.676079	36.563197
1763	2137.192478	59.442828	-0.649512	3.674004	36.700026
1765	2139.254815	59.427154	-0.639476	3.671717	34.070908
1767	2141.317351	59.293061	-0.629137	3.670520	35.193356
1769	2143.378466	59.189809	-0.641923	3.669610	35.117515
1771	2145.439352	59.129337	-0.677550	3.669926	34.909759
1773	2147.499115	58.886380	-0.700915	3.668372	34.886754
1775	2149.558574	58.717107	-0.723451	3.669018	34.873028
1777	2151.617300	58.417940	-0.743005	3.670279	34.871160
1779	2153.676455	58.305801	-0.755805	3.669601	33.966123
1781	2155.735743	58.137715	-0.799539	3.670008	33.496743
1783	2157.794734	58.075574	-0.799952	3.670252	34.108766
1785	2159.854326	57.965959	-0.823254	3.671197	34.287998
1787	2161.912968	57.592795	-0.851732	3.672436	33.983214
1789	2163.971740	57.540811	-0.850056	3.673292	34.210809
1791	2166.031195	57.386150	-0.898347	3.672203	32.906478
1793	2168.088285	57.071576	-0.910248	3.670573	33.289820
1795	2170.145340	57.126615	-0.941593	3.669789	33.304213
1797	2172.200104	56.929954	-0.963025	3.666749	32.497883
1799	2174.257499	56.641647	-0.932580	3.663862	32.142675
1801	2176.312255	56.405026	-0.979573	3.662014	33.175394
1803	2178.369417	56.145233	-0.991789	3.660458	31.766161
1805	2180.428976	55.636436	-0.989856	3.659167	32.408526
1807	2182.487085	55.560643	-1.004081	3.661522	31.912737
1809	2184.548542	55.203410	-1.020957	3.663066	31.592394
1811	2186.609896	55.447281	-1.061786	3.662456	31.419263
1813	2188.672473	55.038218	-1.051454	3.662088	30.855147
1815	2190.732932	54.809271	-1.119250	3.661558	32.728600
1817	2192.794535	54.482935	-1.107100	3.661164	30.759755
1819	2194.855644	54.630776	-1.132247	3.661298	30.520805
1821	2196.915382	54.396320	-1.153839	3.660205	29.868039
1823	2198.975031	54.181047	-1.158953	3.660228	29.881750
1825	2201.034212	54.032556	-1.190340	3.660598	29.446251
1827	2203.091941	54.107880	-1.195452	3.658733	29.857973
1829	2205.149971	53.891264	-1.204522	3.658582	30.113583
1831	2207.207266	53.561592	-1.208257	3.657711	28.562419
1833	2209.264986	53.664982	-1.217049	3.657171	28.597954
1835	2211.320619	53.429614	-1.236327	3.659215	28.816776
1837	2213.377482	53.452129	-1.243750	3.660673	29.358782
1839	2215.432957	53.065606	-1.279635	3.662571	28.735598
1841	2217.491836	52.556835	-1.277913	3.661730	27.806756
1843	2219.549737	52.450124	-1.318726	3.662394	28.469591
1845	2221.609171	52.118003	-1.333768	3.660787	27.470167
1847	2223.669616	51.882526	-1.357648	3.659318	27.271231
1849	2225.732258	51.793490	-1.348521	3.657259	27.394132
1851	2227.792559	51.408494	-1.363788	3.654752	28.224606
1853	2229.855360	51.528665	-1.391695	3.655041	25.935268
1855	2231.917255	50.907209	-1.445885	3.653107	27.674771
1857	2233.977863	51.210050	-1.423238	3.653092	26.357033
1859	2236.038354	50.672718	-1.469281	3.650972	27.249858
1861	2238.098461	50.802427	-1.453403	3.652604	27.719882
1863	2240.158485	50.785162	-1.495175	3.654384	25.760797
1865	2242.218113	50.478173	-1.484483	3.653714	25.615784
1867	2244.276102	50.442195	-1.479820	3.652662	25.882562
1869	2246.335673	50.140579	-1.516897	3.653478	26.989701
1871	2248.394711	49.955963	-1.523362	3.653312	26.321047
1873	2250.453022	49.855858	-1.549981	3.653630	25.414948
1875	2252.511225	49.668158	-1.547912	3.653845	25.064560
1877	2254.569531	49.527912	-1.563191	3.652931	25.256582
1879	2256.626897	49.363073	-1.572797	3.651819	24.834124
1881	2258.683631	49.225225	-1.601290	3.648928	24.914676
1883	2260.738666	49.153571	-1.603209	3.648320	25.319324
1885	2262.794810	48.968912	-1.657599	3.645810	24.347580
1887	2264.851296	48.665439	-1.648457	3.643160	23.913812
1889	2266.907325	48.589466	-1.650840	3.641100	24.041581
1891	2268.965189	48.435464	-1.656680	3.640339	24.462966
1893	2271.023471	48.238252	-1.686573	3.640213	25.242188
1895	2273.082586	48.136543	-1.712630	3.639153	23.475818
1897	2275.142589	47.630810	-1.700281	3.639439	22.543744
1899	2277.202677	47.898985	-1.734619	3.640378	23.139973
1901	2279.263013	47.708141	-1.732614	3.640734	23.113912
1903	2281.324251	47.706455	-1.746738	3.642760	22.955434
1905	2283.384332	47.114153	-1.735041	3.640989	27.731422
1907	2285.444528	47.241908	-1.757748	3.641107	22.988761
1909	2287.504513	46.805260	-1.778714	3.639861	22.425276
1911	2289.562579	46.960877	-1.780173	3.640489	22.092993
1913	2291.622801	46.802890	-1.787471	3.639622	22.887472
1915	2293.681995	46.624762	-1.793719	3.638919	22.135384
1917	2295.738751	46.685231	-1.821128	3.639880	21.537446
1919	2297.796159	46.188481	-1.816291	3.638874	22.002481
1921	2299.852568	46.262827	-1.838802	3.640699	21.497139
1923	2301.910954	46.017814	-1.855012	3.641420	20.979705
1925	2303.967094	45.888999	-1.867298	3.641986	20.725144
1927	2306.024371	45.703639	-1.896995	3.641523	20.148953
1929	2308.082283	45.503622	-1.899886	3.640537	21.200575
1931	2310.142796	44.999650	-1.924397	3.638761	20.176870
1933	2312.202258	44.961711	-1.917026	3.638171	21.848118
1935	2314.263332	44.786193	-1.938772	3.636492	20.271929
1937	2316.324470	44.573377	-1.947645	3.635509	20.546506
1939	2318.385253	44.436659	-1.939821	3.634627	19.898788
1941	2320.447672	44.192686	-1.950701	3.633988	20.746100
1943	2322.509114	44.036349	-1.967227	3.633219	20.986304
1945	2324.568616	43.924200	-1.967388	3.632109	20.224593
1947	2326.629097	43.927272	-1.952921	3.631524	19.939038
1949	2328.689859	43.745265	-1.975372	3.631795	20.014081
1951	2330.749211	43.612263	-1.978285	3.630456	19.947359
1953	2332.808079	43.443521	-2.007468	3.630522	19.185952
1955	2334.866577	43.304730	-2.050791	3.630168	18.964711
1957	2336.925957	43.160892	-2.030952	3.629886	20.460252
1959	2338.984538	43.034036	-2.022986	3.627946	19.260993
1961	2341.041690	42.826562	-2.056936	3.629155	18.878162
1963	2343.101426	42.792689	-2.052960	3.628193	17.896975
1965	2345.159691	42.545366	-2.044088	3.627051	19.009692
1967	2347.216443	42.474920	-2.048084	3.623987	18.925236
1969	2349.272571	42.130273	-2.070047	3.623479	18.618446
1971	2351.330454	42.157231	-2.078777	3.622791	18.080648
1973	2353.387512	42.265803	-2.094277	3.620294	18.330840
1975	2355.442203	41.843590	-2.111453	3.621275	18.678854
1977	2357.500781	41.655091	-2.131344	3.619682	17.686020
1979	2359.556730	41.709242	-2.116243	3.619573	18.378052
1981	2361.614173	41.568653	-2.146240	3.618072	17.138985
1983	2363.672777	41.414155	-2.141120	3.616437	17.664457
