num crossings	time (s)	maj axis (mm)	min axis (mm)	theta (rad )	slope (V/s)
3365	78758.154480	59.480570	-0.712938	3.698148	58.614506
3367	78760.220491	59.008393	-0.702781	3.698293	50.314815
3369	78762.284461	58.497354	-0.702128	3.697639	57.188708
3371	78764.348351	58.022104	-0.673282	3.697403	49.891999
3373	78766.413093	57.451595	-0.659246	3.698551	52.967045
3375	78768.476628	57.351341	-0.648772	3.699079	48.391749
3377	78770.541000	56.429006	-0.646623	3.701034	49.825568
3379	78772.605884	56.165770	-0.651757	3.701136	48.638958
3381	78774.670570	55.578189	-0.612353	3.699989	49.727753
3383	78776.736034	54.926270	-0.624070	3.698071	46.307528
3385	78778.802754	54.405313	-0.589654	3.695927	47.032236
3387	78780.867714	53.913305	-0.606513	3.695540	47.574444
3389	78782.934113	53.808331	-0.592167	3.695633	43.349660
3391	78784.998468	53.654141	-0.588904	3.694153	45.230210
3393	78787.062956	52.982511	-0.556262	3.694826	42.494288
3395	78789.126101	52.616216	-0.551258	3.695545	43.036252
3397	78791.189274	51.933009	-0.538659	3.696351	42.149891
3399	78793.252805	51.995731	-0.540992	3.697392	41.949717
3401	78795.317340	51.245557	-0.532751	3.698572	40.878077
3403	78797.381491	50.665920	-0.529959	3.698650	41.537686
3405	78799.446884	50.243827	-0.514042	3.697021	39.609599
3407	78801.511375	49.859829	-0.493477	3.695993	39.015733
3409	78803.576192	49.452649	-0.501142	3.695605	37.701365
3411	78805.641267	48.802931	-0.477190	3.695022	38.811270
3413	78807.704959	48.457077	-0.476291	3.694725	37.416868
3415	78809.769531	47.982959	-0.461929	3.694458	36.273576
3417	78811.834382	47.741062	-0.433457	3.693380	36.434371
3419	78813.898413	47.443222	-0.415443	3.692808	37.188711
3421	78815.964234	47.165657	-0.421618	3.691957	34.443413
3423	78818.029454	46.629166	-0.408285	3.691315	33.278702
3425	78820.095369	46.115532	-0.393030	3.691655	34.434943
3427	78822.161438	45.674481	-0.379161	3.692575	32.235654
3429	78824.226828	45.457587	-0.377330	3.694803	33.138302
3431	78826.292524	44.921197	-0.364827	3.696587	32.450276
3433	78828.356882	44.802176	-0.388901	3.694997	31.877702
3435	78830.420800	44.391413	-0.342156	3.692973	31.318542
3437	78832.483362	43.939801	-0.337893	3.690509	29.787999
3439	78834.546520	43.570723	-0.287960	3.688938	29.801237
3441	78836.610814	43.202423	-0.285288	3.689410	30.496834
3443	78838.673822	42.862364	-0.278645	3.689986	29.734692
3445	78840.737862	42.519353	-0.269072	3.689377	29.117233
3447	78842.802210	42.135770	-0.247010	3.689413	29.762318
3449	78844.866502	41.725866	-0.255705	3.690004	27.393107
3451	78846.931731	41.504500	-0.233367	3.689149	27.526794
3453	78848.995702	41.035182	-0.242137	3.689446	26.712696
3455	78851.060318	40.665874	-0.233049	3.689728	26.460683
3457	78853.124715	40.327296	-0.227739	3.690298	26.429941
3459	78855.189141	40.225407	-0.221266	3.690738	26.049628
3461	78857.253959	39.506155	-0.214308	3.690662	24.977415
3463	78859.318975	39.239993	-0.191767	3.688598	24.734178
3465	78861.384272	38.924693	-0.186784	3.688114	25.388846
3467	78863.450098	38.416358	-0.176343	3.687009	24.038339
3469	78865.515824	38.219341	-0.162606	3.685840	23.327040
3471	78867.581015	37.875162	-0.153936	3.685992	22.777756
3473	78869.647026	37.599520	-0.125429	3.686137	23.023369
3475	78871.711842	37.286130	-0.118907	3.684813	22.710101
3477	78873.776107	37.154631	-0.119104	3.685458	22.091012
3479	78875.838237	36.798349	-0.111263	3.685357	21.522169
3481	78877.901933	36.491311	-0.110109	3.686262	21.715958
3483	78879.965296	36.009379	-0.116523	3.684643	20.234284
3485	78882.027853	35.834506	-0.107258	3.685793	20.519270
3487	78884.092269	35.394110	-0.105850	3.686255	20.658665
3489	78886.156026	35.153761	-0.096877	3.686125	20.278557
3491	78888.220376	34.999446	-0.079050	3.685039	19.823904
3493	78890.283625	34.591899	-0.089735	3.686031	19.581415
3495	78892.348446	34.130213	-0.078223	3.684205	18.341792
3497	78894.413534	33.894628	-0.056243	3.683679	18.327369
3499	78896.476857	33.748794	-0.060167	3.681830	18.311307
3501	78898.542424	33.536094	-0.057806	3.681126	17.450208
3503	78900.606546	33.010643	-0.043737	3.681441	17.676490
3505	78902.671461	32.624142	-0.035876	3.680122	17.234835
3507	78904.739001	32.391062	-0.016241	3.679043	17.083361
3509	78906.804760	32.076490	-0.005759	3.682238	16.779244
3511	78908.869207	31.814236	-0.009024	3.682693	16.483343
3513	78910.937379	31.445732	0.002781	3.684700	15.375653
3515	78913.001937	31.253917	0.007087	3.684437	16.101421
3517	78915.066148	31.017415	0.013016	3.686014	15.366336
3519	78917.131795	30.756118	-0.001476	3.685550	15.619749
3521	78919.193061	30.490536	0.014396	3.680650	15.088544
3523	78921.256028	30.253165	0.018814	3.681507	14.567972
3527	78925.384451	29.887338	0.069881	3.676483	14.201878
3529	78927.446249	29.396902	0.063401	3.679043	14.039651
3531	78929.511463	29.029395	0.074692	3.676853	13.788769
3533	78931.574168	28.842104	0.084538	3.675945	13.067833
3535	78933.639313	28.603483	0.092551	3.678081	12.949133
3537	78935.703580	28.394864	0.095967	3.676196	12.503579
3539	78937.767140	28.259377	0.096346	3.676120	12.533297
3541	78939.832067	27.694548	0.108078	3.677694	12.861650
3543	78941.896708	27.546493	0.111323	3.676975	12.394305
3545	78943.960968	27.273640	0.135471	3.678179	12.078800
3547	78946.027588	27.031877	0.132238	3.676577	11.975207
3549	78948.093577	26.773109	0.146135	3.676739	11.590354
3551	78950.157103	26.658318	0.165037	3.675375	11.629153
3555	78954.289723	26.145196	0.180489	3.676307	11.470465
3557	78956.355380	25.817645	0.180697	3.678307	11.328798
3559	78958.417893	25.748507	0.189525	3.675468	10.483822
3561	78960.482415	25.515793	0.198837	3.679476	10.474813
3563	78962.545087	25.408558	0.190883	3.675763	10.316379
3565	78964.608254	25.202597	0.202623	3.675106	9.870616
3567	78966.670728	24.847164	0.196469	3.673950	9.873737
3569	78968.734449	24.670176	0.198560	3.678081	9.571220
3571	78970.796770	24.434891	0.195601	3.674947	10.035544
3573	78972.861342	24.325390	0.199799	3.676688	9.477480
3575	78974.923882	23.942739	0.206163	3.674147	9.039661
3577	78976.989713	23.733841	0.208985	3.674722	9.668240
3579	78979.051778	23.608334	0.214276	3.672133	9.314555
3581	78981.116813	23.261807	0.219422	3.673354	8.597771
3583	78983.182504	23.191924	0.228791	3.671861	8.143894
3585	78985.247731	22.833580	0.232267	3.672432	8.185318
3587	78987.311706	22.611574	0.241476	3.676010	8.349586
3591	78991.440304	22.261081	0.239141	3.674417	7.881938
3593	78993.506606	22.140005	0.250150	3.675993	7.882962
3595	78995.571201	21.791004	0.247749	3.675470	8.121865
3597	78997.639308	21.567329	0.246686	3.679081	7.274190
3599	78999.705153	21.446496	0.261608	3.676250	7.689043
3601	79001.767059	21.218143	0.253971	3.679054	6.692176
3603	79003.831394	21.080379	0.250391	3.676596	6.849229
3605	79005.893546	20.807299	0.227347	3.674735	6.928341
3607	79007.956858	20.680316	0.244983	3.671670	7.055375
3609	79010.020218	20.584387	0.259036	3.671511	6.803298
3611	79012.083586	20.231746	0.249156	3.668882	6.096631
3613	79014.147343	20.131417	0.265273	3.668616	6.884393
3615	79016.213838	19.787825	0.287149	3.673535	6.817252
3617	79018.276563	19.592026	0.260126	3.670883	6.638932
3619	79020.343976	19.533978	0.280137	3.666204	6.552337
3621	79022.402776	19.597585	0.304292	3.664324	5.808408
3623	79024.468760	19.175691	0.286203	3.667429	5.737792
3625	79026.533390	18.955019	0.282968	3.668475	6.195301
3629	79030.663431	18.649895	0.277168	3.669573	5.228753
3631	79032.730471	18.580967	0.292068	3.669607	5.456064
3633	79034.796101	18.256704	0.286649	3.669202	5.414851
3635	79036.863436	18.305797	0.306080	3.669872	5.003858
3637	79038.925255	18.016093	0.311219	3.671074	5.104950
3639	79040.990184	18.037508	0.297801	3.675724	4.815803
