crossing time (s)	slope (V/s)	crossing number
281474976710655.000000	53.453205	2970	0.000000
281474976710655.000000	55.346371	2971	0.000000
281474976710655.000000	59.514973	2972	0.000000
281474976710655.000000	51.414513	2973	0.000000
281474976710655.000000	66.854774	2974	0.000000
281474976710655.000000	57.883350	2975	0.000000
281474976710655.000000	57.745953	2976	0.000000
281474976710655.000000	69.292496	2977	0.000000
281474976710655.000000	44.247780	2978	0.000000
281474976710655.000000	42.472080	2979	0.000000
281474976710655.000000	61.751846	2980	0.000000
281474976710655.000000	49.988190	2981	0.000000
281474976710655.000000	47.778759	2982	0.000000
281474976710655.000000	36.298687	2983	0.000000
281474976710655.000000	39.630978	2984	0.000000
281474976710655.000000	44.879223	2985	0.000000
281474976710655.000000	49.242748	2986	0.000000
281474976710655.000000	48.720886	2987	0.000000
281474976710655.000000	37.371284	2988	0.000000
281474976710655.000000	37.711876	2989	0.000000
281474976710655.000000	54.929424	2990	0.000000
281474976710655.000000	34.391422	2991	0.000000
281474976710655.000000	35.962746	2992	0.000000
281474976710655.000000	44.540745	2993	0.000000
281474976710655.000000	42.270988	2994	0.000000
281474976710655.000000	35.064960	2995	0.000000
281474976710655.000000	37.162838	2996	0.000000
281474976710655.000000	42.245193	2997	0.000000
281474976710655.000000	45.559322	2998	0.000000
281474976710655.000000	39.324146	2999	0.000000
281474976710655.000000	45.779507	3000	0.000000
281474976710655.000000	45.365814	3001	0.000000
281474976710655.000000	38.133705	3002	0.000000
281474976710655.000000	49.367039	3003	0.000000
281474976710655.000000	46.765755	3004	0.000000
281474976710655.000000	31.273376	3005	0.000000
281474976710655.000000	43.668556	3006	0.000000
281474976710655.000000	39.196228	3007	0.000000
281474976710655.000000	41.580391	3008	0.000000
281474976710655.000000	42.503605	3009	0.000000
281474976710655.000000	29.008789	3010	0.000000
281474976710655.000000	30.572325	3011	0.000000
281474976710655.000000	33.286312	3012	0.000000
281474976710655.000000	27.831661	3013	0.000000
281474976710655.000000	31.820724	3014	0.000000
281474976710655.000000	29.605106	3015	0.000000
281474976710655.000000	34.735424	3016	0.000000
281474976710655.000000	26.049114	3017	0.000000
281474976710655.000000	30.941048	3018	0.000000
281474976710655.000000	31.034697	3019	0.000000
281474976710655.000000	27.622480	3020	0.000000
281474976710655.000000	25.333529	3021	0.000000
281474976710655.000000	35.854893	3022	0.000000
281474976710655.000000	31.712290	3023	0.000000
281474976710655.000000	31.307343	3024	0.000000
281474976710655.000000	30.303318	3025	0.000000
281474976710655.000000	24.592592	3026	0.000000
281474976710655.000000	28.111012	3027	0.000000
281474976710655.000000	31.522284	3028	0.000000
281474976710655.000000	27.867825	3029	0.000000
281474976710655.000000	22.747084	3030	0.000000
281474976710655.000000	28.355839	3031	0.000000
281474976710655.000000	27.889362	3032	0.000000
281474976710655.000000	30.093283	3033	0.000000
281474976710655.000000	25.778141	3034	0.000000
281474976710655.000000	24.610456	3035	0.000000
281474976710655.000000	24.235716	3036	0.000000
281474976710655.000000	24.536089	3037	0.000000
281474976710655.000000	24.110949	3038	0.000000
281474976710655.000000	23.122990	3039	0.000000
281474976710655.000000	23.196465	3040	0.000000
281474976710655.000000	22.929373	3041	0.000000
281474976710655.000000	23.967833	3042	0.000000
281474976710655.000000	21.957113	3043	0.000000
281474976710655.000000	21.426262	3044	0.000000
281474976710655.000000	22.015282	3045	0.000000
281474976710655.000000	20.172043	3046	0.000000
281474976710655.000000	20.006056	3047	0.000000
281474976710655.000000	21.597269	3048	0.000000
281474976710655.000000	20.525082	3049	0.000000
281474976710655.000000	18.718241	3050	0.000000
281474976710655.000000	19.430174	3051	0.000000
281474976710655.000000	20.159830	3052	0.000000
281474976710655.000000	19.170086	3053	0.000000
281474976710655.000000	19.360947	3054	0.000000
281474976710655.000000	18.234894	3055	0.000000
281474976710655.000000	18.013460	3056	0.000000
281474976710655.000000	17.588324	3057	0.000000
281474976710655.000000	17.779129	3058	0.000000
281474976710655.000000	17.389128	3059	0.000000
281474976710655.000000	17.203287	3060	0.000000
281474976710655.000000	16.997364	3061	0.000000
281474976710655.000000	15.950642	3062	0.000000
281474976710655.000000	17.348204	3063	0.000000
281474976710655.000000	16.277399	3064	0.000000
281474976710655.000000	15.880133	3065	0.000000
281474976710655.000000	15.459191	3066	0.000000
281474976710655.000000	15.437988	3067	0.000000
281474976710655.000000	15.009871	3068	0.000000
281474976710655.000000	15.483068	3069	0.000000
281474976710655.000000	15.130621	3070	0.000000
281474976710655.000000	14.565421	3071	0.000000
281474976710655.000000	14.967249	3072	0.000000
281474976710655.000000	13.778547	3073	0.000000
281474976710655.000000	14.681113	3074	0.000000
281474976710655.000000	13.522533	3075	0.000000
281474976710655.000000	13.680224	3076	0.000000
281474976710655.000000	13.104367	3077	0.000000
281474976710655.000000	12.799901	3078	0.000000
281474976710655.000000	13.249727	3079	0.000000
281474976710655.000000	12.093617	3080	0.000000
281474976710655.000000	12.648514	3081	0.000000
281474976710655.000000	12.640183	3082	0.000000
281474976710655.000000	11.952504	3083	0.000000
281474976710655.000000	12.105297	3084	0.000000
281474976710655.000000	12.288740	3085	0.000000
281474976710655.000000	11.363770	3086	0.000000
281474976710655.000000	11.773007	3087	0.000000
281474976710655.000000	11.354792	3088	0.000000
281474976710655.000000	10.961130	3089	0.000000
281474976710655.000000	11.098602	3090	0.000000
281474976710655.000000	11.045933	3091	0.000000
281474976710655.000000	10.642852	3092	0.000000
281474976710655.000000	10.869039	3093	0.000000
281474976710655.000000	10.741964	3094	0.000000
281474976710655.000000	10.214027	3095	0.000000
281474976710655.000000	9.908310	3096	0.000000
281474976710655.000000	10.157526	3097	0.000000
281474976710655.000000	9.959195	3098	0.000000
281474976710655.000000	9.773390	3099	0.000000
281474976710655.000000	9.264749	3100	0.000000
281474976710655.000000	9.499209	3101	0.000000
281474976710655.000000	9.753168	3102	0.000000
281474976710655.000000	9.514419	3103	0.000000
281474976710655.000000	9.214450	3104	0.000000
281474976710655.000000	8.834845	3105	0.000000
281474976710655.000000	8.641495	3106	0.000000
281474976710655.000000	8.803631	3107	0.000000
281474976710655.000000	8.726326	3108	0.000000
281474976710655.000000	8.661997	3109	0.000000
281474976710655.000000	8.385666	3110	0.000000
281474976710655.000000	8.322537	3111	0.000000
281474976710655.000000	8.048568	3112	0.000000
281474976710655.000000	8.123196	3113	0.000000
281474976710655.000000	7.706763	3114	0.000000
281474976710655.000000	7.799415	3115	0.000000
281474976710655.000000	7.653874	3116	0.000000
281474976710655.000000	7.481509	3117	0.000000
281474976710655.000000	7.487821	3118	0.000000
281474976710655.000000	7.221336	3119	0.000000
281474976710655.000000	7.144476	3120	0.000000
281474976710655.000000	7.090622	3121	0.000000
281474976710655.000000	6.873471	3122	0.000000
281474976710655.000000	6.771623	3123	0.000000
281474976710655.000000	6.721781	3124	0.000000
281474976710655.000000	6.556795	3125	0.000000
281474976710655.000000	6.593955	3126	0.000000
281474976710655.000000	6.378907	3127	0.000000
281474976710655.000000	6.277808	3128	0.000000
281474976710655.000000	6.224356	3129	0.000000
281474976710655.000000	6.142685	3130	0.000000
281474976710655.000000	6.163891	3131	0.000000
281474976710655.000000	5.991652	3132	0.000000
281474976710655.000000	5.837076	3133	0.000000
281474976710655.000000	5.815619	3134	0.000000
281474976710655.000000	5.729056	3135	0.000000
281474976710655.000000	5.606077	3136	0.000000
281474976710655.000000	5.491758	3137	0.000000
281474976710655.000000	5.432595	3138	0.000000
281474976710655.000000	5.372934	3139	0.000000
281474976710655.000000	5.390392	3140	0.000000
281474976710655.000000	5.190273	3141	0.000000
281474976710655.000000	5.172335	3142	0.000000
281474976710655.000000	4.985597	3143	0.000000
281474976710655.000000	4.971012	3144	0.000000
281474976710655.000000	4.963093	3145	0.000000
281474976710655.000000	4.797820	3146	0.000000
281474976710655.000000	4.702697	3147	0.000000
281474976710655.000000	4.557458	3148	0.000000
