crossing time (s)	slope (V/s)	crossing number
281474976710655.000000	68.455780	2360	0.000000
281474976710655.000000	57.816582	2361	0.000000
281474976710655.000000	146.155289	2362	0.000000
281474976710655.000000	71.541939	2363	0.000000
281474976710655.000000	39.377838	2364	0.000000
281474976710655.000000	33.817738	2365	0.000000
281474976710655.000000	67.349190	2366	0.000000
281474976710655.000000	Inf	2367	0.000000
281474976710655.000000	71.977570	2368	0.000000
281474976710655.000000	67.680328	2369	0.000000
281474976710655.000000	65.368736	2370	0.000000
281474976710655.000000	42.148933	2371	0.000000
281474976710655.000000	47.744255	2372	0.000000
281474976710655.000000	135.154205	2373	0.000000
281474976710655.000000	51.087151	2374	0.000000
281474976710655.000000	32.502033	2375	0.000000
281474976710655.000000	61.261871	2376	0.000000
281474976710655.000000	48.016399	2377	0.000000
281474976710655.000000	103.241638	2378	0.000000
281474976710655.000000	42.704273	2379	0.000000
281474976710655.000000	43.126637	2380	0.000000
281474976710655.000000	60.678322	2381	0.000000
281474976710655.000000	59.287109	2382	0.000000
281474976710655.000000	58.547668	2383	0.000000
281474976710655.000000	59.831585	2384	0.000000
281474976710655.000000	45.213318	2385	0.000000
281474976710655.000000	59.768471	2386	0.000000
281474976710655.000000	56.527832	2387	0.000000
281474976710655.000000	38.302109	2388	0.000000
281474976710655.000000	37.386459	2389	0.000000
281474976710655.000000	41.029659	2390	0.000000
281474976710655.000000	58.075977	2391	0.000000
281474976710655.000000	41.447319	2392	0.000000
281474976710655.000000	43.998486	2393	0.000000
281474976710655.000000	45.306644	2394	0.000000
281474976710655.000000	52.222271	2395	0.000000
281474976710655.000000	86.842407	2396	0.000000
281474976710655.000000	52.322697	2397	0.000000
281474976710655.000000	59.540390	2398	0.000000
281474976710655.000000	38.645908	2399	0.000000
281474976710655.000000	51.292473	2400	0.000000
281474976710655.000000	48.650402	2401	0.000000
281474976710655.000000	70.582176	2402	0.000000
281474976710655.000000	39.821297	2403	0.000000
281474976710655.000000	54.919144	2404	0.000000
281474976710655.000000	36.977928	2405	0.000000
281474976710655.000000	46.352562	2406	0.000000
281474976710655.000000	56.027992	2407	0.000000
281474976710655.000000	52.760719	2408	0.000000
281474976710655.000000	38.389553	2409	0.000000
281474976710655.000000	38.809620	2410	0.000000
281474976710655.000000	45.748783	2411	0.000000
281474976710655.000000	62.920143	2412	0.000000
281474976710655.000000	57.352047	2413	0.000000
281474976710655.000000	54.789845	2414	0.000000
281474976710655.000000	48.666523	2415	0.000000
281474976710655.000000	37.006783	2416	0.000000
281474976710655.000000	42.977058	2417	0.000000
281474976710655.000000	36.382984	2418	0.000000
281474976710655.000000	41.134735	2419	0.000000
281474976710655.000000	53.551651	2420	0.000000
281474976710655.000000	40.571980	2421	0.000000
281474976710655.000000	33.695507	2422	0.000000
281474976710655.000000	39.496025	2423	0.000000
281474976710655.000000	33.902046	2424	0.000000
281474976710655.000000	33.071785	2425	0.000000
281474976710655.000000	30.723646	2426	0.000000
281474976710655.000000	45.200954	2427	0.000000
281474976710655.000000	31.671835	2428	0.000000
281474976710655.000000	32.078865	2429	0.000000
281474976710655.000000	43.777893	2430	0.000000
281474976710655.000000	30.493332	2431	0.000000
281474976710655.000000	31.736528	2432	0.000000
281474976710655.000000	26.851175	2433	0.000000
281474976710655.000000	31.197012	2434	0.000000
281474976710655.000000	34.873814	2435	0.000000
281474976710655.000000	34.448097	2436	0.000000
281474976710655.000000	42.352219	2437	0.000000
281474976710655.000000	27.697830	2438	0.000000
281474976710655.000000	41.025352	2439	0.000000
281474976710655.000000	36.422871	2440	0.000000
281474976710655.000000	32.615139	2441	0.000000
281474976710655.000000	28.537800	2442	0.000000
281474976710655.000000	25.721958	2443	0.000000
281474976710655.000000	26.892113	2444	0.000000
281474976710655.000000	27.219969	2445	0.000000
281474976710655.000000	33.839058	2446	0.000000
281474976710655.000000	28.146021	2447	0.000000
281474976710655.000000	25.919535	2448	0.000000
281474976710655.000000	25.593643	2449	0.000000
281474976710655.000000	26.105030	2450	0.000000
281474976710655.000000	31.278934	2451	0.000000
281474976710655.000000	29.994534	2452	0.000000
281474976710655.000000	30.963663	2453	0.000000
281474976710655.000000	25.162241	2454	0.000000
281474976710655.000000	30.853655	2455	0.000000
281474976710655.000000	30.467531	2456	0.000000
281474976710655.000000	23.760786	2457	0.000000
281474976710655.000000	27.851128	2458	0.000000
281474976710655.000000	29.986542	2459	0.000000
281474976710655.000000	29.711588	2460	0.000000
281474976710655.000000	23.389431	2461	0.000000
281474976710655.000000	22.636066	2462	0.000000
281474976710655.000000	23.249231	2463	0.000000
281474976710655.000000	25.909163	2464	0.000000
281474976710655.000000	25.259958	2465	0.000000
281474976710655.000000	21.628780	2466	0.000000
281474976710655.000000	25.843985	2467	0.000000
281474976710655.000000	27.129019	2468	0.000000
281474976710655.000000	23.897324	2469	0.000000
281474976710655.000000	25.849833	2470	0.000000
281474976710655.000000	20.587948	2471	0.000000
281474976710655.000000	23.337849	2472	0.000000
281474976710655.000000	22.337744	2473	0.000000
281474976710655.000000	24.273308	2474	0.000000
281474976710655.000000	21.967775	2475	0.000000
281474976710655.000000	21.593153	2476	0.000000
281474976710655.000000	24.806450	2477	0.000000
281474976710655.000000	22.447960	2478	0.000000
281474976710655.000000	21.384272	2479	0.000000
281474976710655.000000	20.899284	2480	0.000000
281474976710655.000000	22.639139	2481	0.000000
281474976710655.000000	20.221306	2482	0.000000
281474976710655.000000	19.429495	2483	0.000000
281474976710655.000000	22.086107	2484	0.000000
281474976710655.000000	20.075249	2485	0.000000
281474976710655.000000	18.535454	2486	0.000000
281474976710655.000000	20.419806	2487	0.000000
281474976710655.000000	19.391855	2488	0.000000
281474976710655.000000	18.978880	2489	0.000000
281474976710655.000000	18.482269	2490	0.000000
281474976710655.000000	20.159792	2491	0.000000
281474976710655.000000	19.685740	2492	0.000000
281474976710655.000000	18.141108	2493	0.000000
281474976710655.000000	18.124838	2494	0.000000
281474976710655.000000	20.081305	2495	0.000000
281474976710655.000000	18.586437	2496	0.000000
281474976710655.000000	17.994007	2497	0.000000
281474976710655.000000	17.556534	2498	0.000000
281474976710655.000000	17.765293	2499	0.000000
281474976710655.000000	17.262342	2500	0.000000
281474976710655.000000	16.975637	2501	0.000000
281474976710655.000000	16.275469	2502	0.000000
281474976710655.000000	17.408789	2503	0.000000
281474976710655.000000	16.746162	2504	0.000000
281474976710655.000000	16.247183	2505	0.000000
281474976710655.000000	16.263340	2506	0.000000
281474976710655.000000	16.386173	2507	0.000000
281474976710655.000000	16.414730	2508	0.000000
281474976710655.000000	14.864058	2509	0.000000
281474976710655.000000	15.606395	2510	0.000000
281474976710655.000000	15.395609	2511	0.000000
281474976710655.000000	14.954800	2512	0.000000
281474976710655.000000	14.603402	2513	0.000000
281474976710655.000000	15.184231	2514	0.000000
281474976710655.000000	15.083096	2515	0.000000
281474976710655.000000	14.072385	2516	0.000000
281474976710655.000000	14.529750	2517	0.000000
281474976710655.000000	14.279587	2518	0.000000
281474976710655.000000	13.663710	2519	0.000000
281474976710655.000000	14.171222	2520	0.000000
281474976710655.000000	14.305172	2521	0.000000
281474976710655.000000	13.461763	2522	0.000000
281474976710655.000000	13.122966	2523	0.000000
281474976710655.000000	13.303516	2524	0.000000
281474976710655.000000	13.336460	2525	0.000000
281474976710655.000000	13.290514	2526	0.000000
281474976710655.000000	12.580672	2527	0.000000
281474976710655.000000	13.384111	2528	0.000000
281474976710655.000000	12.425168	2529	0.000000
281474976710655.000000	12.330174	2530	0.000000
281474976710655.000000	12.658099	2531	0.000000
281474976710655.000000	12.068149	2532	0.000000
281474976710655.000000	12.437059	2533	0.000000
281474976710655.000000	11.584158	2534	0.000000
281474976710655.000000	11.503435	2535	0.000000
281474976710655.000000	11.411066	2536	0.000000
281474976710655.000000	10.989520	2537	0.000000
281474976710655.000000	11.356593	2538	0.000000
281474976710655.000000	10.946846	2539	0.000000
281474976710655.000000	11.126924	2540	0.000000
281474976710655.000000	11.458838	2541	0.000000
281474976710655.000000	11.141837	2542	0.000000
281474976710655.000000	10.617472	2543	0.000000
281474976710655.000000	10.348824	2544	0.000000
281474976710655.000000	11.041575	2545	0.000000
281474976710655.000000	10.242544	2546	0.000000
281474976710655.000000	9.996823	2547	0.000000
281474976710655.000000	10.024979	2548	0.000000
281474976710655.000000	9.885745	2549	0.000000
281474976710655.000000	9.770880	2550	0.000000
281474976710655.000000	9.875960	2551	0.000000
281474976710655.000000	9.837515	2552	0.000000
281474976710655.000000	9.302666	2553	0.000000
281474976710655.000000	9.221308	2554	0.000000
281474976710655.000000	9.286067	2555	0.000000
281474976710655.000000	9.362411	2556	0.000000
281474976710655.000000	8.976115	2557	0.000000
281474976710655.000000	8.926957	2558	0.000000
281474976710655.000000	8.656263	2559	0.000000
281474976710655.000000	9.727816	2560	0.000000
281474976710655.000000	8.470314	2561	0.000000
281474976710655.000000	8.592652	2562	0.000000
281474976710655.000000	8.288280	2563	0.000000
281474976710655.000000	8.397555	2564	0.000000
281474976710655.000000	8.350208	2565	0.000000
281474976710655.000000	8.164799	2566	0.000000
281474976710655.000000	8.140919	2567	0.000000
281474976710655.000000	7.856928	2568	0.000000
281474976710655.000000	8.147004	2569	0.000000
281474976710655.000000	7.970232	2570	0.000000
281474976710655.000000	7.662221	2571	0.000000
281474976710655.000000	7.663188	2572	0.000000
281474976710655.000000	7.636634	2573	0.000000
281474976710655.000000	7.492455	2574	0.000000
281474976710655.000000	7.309810	2575	0.000000
281474976710655.000000	7.279704	2576	0.000000
281474976710655.000000	7.180759	2577	0.000000
281474976710655.000000	7.279934	2578	0.000000
281474976710655.000000	6.952792	2579	0.000000
281474976710655.000000	7.028392	2580	0.000000
281474976710655.000000	6.807128	2581	0.000000
281474976710655.000000	6.928176	2582	0.000000
281474976710655.000000	6.297726	2583	0.000000
281474976710655.000000	6.270331	2584	0.000000
281474976710655.000000	6.585588	2585	0.000000
281474976710655.000000	6.422255	2586	0.000000
281474976710655.000000	6.232945	2587	0.000000
281474976710655.000000	6.304378	2588	0.000000
281474976710655.000000	6.481728	2589	0.000000
281474976710655.000000	6.163669	2590	0.000000
281474976710655.000000	6.038257	2591	0.000000
281474976710655.000000	5.909866	2592	0.000000
281474976710655.000000	5.832548	2593	0.000000
281474976710655.000000	5.786650	2594	0.000000
