crossing time (s)	slope (V/s)	crossing number
281474976710655.000000	62.749924	2346	0.000000
281474976710655.000000	42.100990	2347	0.000000
281474976710655.000000	39.394161	2348	0.000000
281474976710655.000000	33.301346	2349	0.000000
281474976710655.000000	36.342651	2350	0.000000
281474976710655.000000	47.621323	2351	0.000000
281474976710655.000000	34.525074	2352	0.000000
281474976710655.000000	30.822201	2353	0.000000
281474976710655.000000	45.491753	2354	0.000000
281474976710655.000000	35.493000	2355	0.000000
281474976710655.000000	36.496338	2356	0.000000
281474976710655.000000	49.122501	2357	0.000000
281474976710655.000000	47.410397	2358	0.000000
281474976710655.000000	35.930664	2359	0.000000
281474976710655.000000	42.440418	2360	0.000000
281474976710655.000000	36.707535	2361	0.000000
281474976710655.000000	33.375919	2362	0.000000
281474976710655.000000	35.279041	2363	0.000000
281474976710655.000000	34.354237	2364	0.000000
281474976710655.000000	44.115570	2365	0.000000
281474976710655.000000	35.669292	2366	0.000000
281474976710655.000000	47.387768	2367	0.000000
281474976710655.000000	32.687134	2368	0.000000
281474976710655.000000	51.306789	2369	0.000000
281474976710655.000000	41.761585	2370	0.000000
281474976710655.000000	35.566601	2371	0.000000
281474976710655.000000	49.385895	2372	0.000000
281474976710655.000000	50.543118	2373	0.000000
281474976710655.000000	34.738548	2374	0.000000
281474976710655.000000	43.597599	2375	0.000000
281474976710655.000000	39.544598	2376	0.000000
281474976710655.000000	39.780602	2377	0.000000
281474976710655.000000	42.266441	2378	0.000000
281474976710655.000000	51.732544	2379	0.000000
281474976710655.000000	43.200687	2380	0.000000
281474976710655.000000	45.629047	2381	0.000000
281474976710655.000000	41.070465	2382	0.000000
281474976710655.000000	34.100765	2383	0.000000
281474976710655.000000	30.116152	2384	0.000000
281474976710655.000000	36.050114	2385	0.000000
281474976710655.000000	40.596424	2386	0.000000
281474976710655.000000	44.996979	2387	0.000000
281474976710655.000000	33.065979	2388	0.000000
281474976710655.000000	32.674938	2389	0.000000
281474976710655.000000	32.970665	2390	0.000000
281474976710655.000000	30.960295	2391	0.000000
281474976710655.000000	38.146885	2392	0.000000
281474976710655.000000	37.139729	2393	0.000000
281474976710655.000000	43.674961	2394	0.000000
281474976710655.000000	38.842819	2395	0.000000
281474976710655.000000	34.291176	2396	0.000000
281474976710655.000000	45.904816	2397	0.000000
281474976710655.000000	30.465303	2398	0.000000
281474976710655.000000	35.309502	2399	0.000000
281474976710655.000000	41.258663	2400	0.000000
281474976710655.000000	49.714935	2401	0.000000
281474976710655.000000	35.303631	2402	0.000000
281474976710655.000000	48.977718	2403	0.000000
281474976710655.000000	47.051388	2404	0.000000
281474976710655.000000	31.653965	2405	0.000000
281474976710655.000000	30.532320	2406	0.000000
281474976710655.000000	43.520626	2407	0.000000
281474976710655.000000	39.974377	2408	0.000000
281474976710655.000000	33.384216	2409	0.000000
281474976710655.000000	42.726749	2410	0.000000
281474976710655.000000	42.543957	2411	0.000000
281474976710655.000000	37.764694	2412	0.000000
281474976710655.000000	41.957718	2413	0.000000
281474976710655.000000	40.387398	2414	0.000000
281474976710655.000000	34.938358	2415	0.000000
281474976710655.000000	45.941143	2416	0.000000
281474976710655.000000	35.227135	2417	0.000000
281474976710655.000000	36.519875	2418	0.000000
281474976710655.000000	32.524895	2419	0.000000
281474976710655.000000	41.189629	2420	0.000000
281474976710655.000000	37.713070	2421	0.000000
281474976710655.000000	35.183834	2422	0.000000
281474976710655.000000	30.050791	2423	0.000000
281474976710655.000000	29.097691	2424	0.000000
281474976710655.000000	29.985943	2425	0.000000
281474976710655.000000	30.626926	2426	0.000000
281474976710655.000000	35.487591	2427	0.000000
281474976710655.000000	37.107197	2428	0.000000
281474976710655.000000	30.727055	2429	0.000000
281474976710655.000000	32.004868	2430	0.000000
281474976710655.000000	34.228485	2431	0.000000
281474976710655.000000	31.055042	2432	0.000000
281474976710655.000000	28.407827	2433	0.000000
281474976710655.000000	35.030636	2434	0.000000
281474976710655.000000	28.849035	2435	0.000000
281474976710655.000000	30.687582	2436	0.000000
281474976710655.000000	29.734768	2437	0.000000
281474976710655.000000	35.992054	2438	0.000000
281474976710655.000000	27.117786	2439	0.000000
281474976710655.000000	27.003086	2440	0.000000
281474976710655.000000	38.676960	2441	0.000000
281474976710655.000000	26.936880	2442	0.000000
281474976710655.000000	30.680880	2443	0.000000
281474976710655.000000	24.708654	2444	0.000000
281474976710655.000000	29.228855	2445	0.000000
281474976710655.000000	36.888271	2446	0.000000
281474976710655.000000	29.979372	2447	0.000000
281474976710655.000000	31.205853	2448	0.000000
281474976710655.000000	29.188820	2449	0.000000
281474976710655.000000	26.690834	2450	0.000000
281474976710655.000000	39.435753	2451	0.000000
281474976710655.000000	37.162472	2452	0.000000
281474976710655.000000	32.039467	2453	0.000000
281474976710655.000000	33.628082	2454	0.000000
281474976710655.000000	28.472502	2455	0.000000
281474976710655.000000	25.144449	2456	0.000000
281474976710655.000000	35.321133	2457	0.000000
281474976710655.000000	25.389496	2458	0.000000
281474976710655.000000	34.048935	2459	0.000000
281474976710655.000000	32.728485	2460	0.000000
281474976710655.000000	28.673616	2461	0.000000
281474976710655.000000	27.406471	2462	0.000000
281474976710655.000000	28.953379	2463	0.000000
281474976710655.000000	27.196283	2464	0.000000
281474976710655.000000	32.047867	2465	0.000000
281474976710655.000000	36.325848	2466	0.000000
281474976710655.000000	36.697834	2467	0.000000
281474976710655.000000	32.294987	2468	0.000000
281474976710655.000000	26.527008	2469	0.000000
281474976710655.000000	30.149101	2470	0.000000
281474976710655.000000	26.739897	2471	0.000000
281474976710655.000000	38.824150	2472	0.000000
281474976710655.000000	28.879213	2473	0.000000
281474976710655.000000	32.458027	2474	0.000000
281474976710655.000000	26.507149	2475	0.000000
281474976710655.000000	26.385023	2476	0.000000
281474976710655.000000	32.096500	2477	0.000000
281474976710655.000000	32.295830	2478	0.000000
281474976710655.000000	31.369892	2479	0.000000
281474976710655.000000	26.082535	2480	0.000000
281474976710655.000000	32.642750	2481	0.000000
281474976710655.000000	24.677729	2482	0.000000
281474976710655.000000	26.658485	2483	0.000000
281474976710655.000000	32.491291	2484	0.000000
281474976710655.000000	32.836155	2485	0.000000
281474976710655.000000	23.755144	2486	0.000000
281474976710655.000000	26.963844	2487	0.000000
281474976710655.000000	26.380175	2488	0.000000
281474976710655.000000	26.931660	2489	0.000000
281474976710655.000000	28.836143	2490	0.000000
281474976710655.000000	26.929495	2491	0.000000
281474976710655.000000	35.530281	2492	0.000000
281474976710655.000000	34.623875	2493	0.000000
281474976710655.000000	30.433987	2494	0.000000
281474976710655.000000	29.153265	2495	0.000000
281474976710655.000000	32.933464	2496	0.000000
281474976710655.000000	26.223545	2497	0.000000
281474976710655.000000	28.014824	2498	0.000000
281474976710655.000000	26.631485	2499	0.000000
281474976710655.000000	24.450169	2500	0.000000
281474976710655.000000	26.466230	2501	0.000000
281474976710655.000000	27.161858	2502	0.000000
281474976710655.000000	27.019520	2503	0.000000
281474976710655.000000	25.064327	2504	0.000000
281474976710655.000000	29.323965	2505	0.000000
281474976710655.000000	26.063467	2506	0.000000
281474976710655.000000	28.750067	2507	0.000000
281474976710655.000000	24.132338	2508	0.000000
281474976710655.000000	26.882786	2509	0.000000
281474976710655.000000	24.669315	2510	0.000000
281474976710655.000000	22.868504	2511	0.000000
281474976710655.000000	27.450468	2512	0.000000
281474976710655.000000	24.769093	2513	0.000000
281474976710655.000000	31.135204	2514	0.000000
281474976710655.000000	27.548164	2515	0.000000
281474976710655.000000	23.179253	2516	0.000000
281474976710655.000000	23.341900	2517	0.000000
281474976710655.000000	24.161732	2518	0.000000
281474976710655.000000	27.302921	2519	0.000000
281474976710655.000000	26.853941	2520	0.000000
281474976710655.000000	25.754374	2521	0.000000
281474976710655.000000	24.525610	2522	0.000000
281474976710655.000000	27.973412	2523	0.000000
281474976710655.000000	23.157810	2524	0.000000
281474976710655.000000	31.633774	2525	0.000000
281474976710655.000000	24.603643	2526	0.000000
281474976710655.000000	29.989145	2527	0.000000
281474976710655.000000	26.118309	2528	0.000000
281474976710655.000000	28.963102	2529	0.000000
281474976710655.000000	22.833817	2530	0.000000
281474976710655.000000	31.080673	2531	0.000000
281474976710655.000000	22.279058	2532	0.000000
281474976710655.000000	26.737726	2533	0.000000
281474976710655.000000	22.630548	2534	0.000000
281474976710655.000000	25.940983	2535	0.000000
281474976710655.000000	23.062052	2536	0.000000
281474976710655.000000	24.121365	2537	0.000000
281474976710655.000000	26.256237	2538	0.000000
281474976710655.000000	26.355734	2539	0.000000
281474976710655.000000	23.198858	2540	0.000000
281474976710655.000000	24.447334	2541	0.000000
281474976710655.000000	24.577940	2542	0.000000
281474976710655.000000	22.575863	2543	0.000000
281474976710655.000000	22.880016	2544	0.000000
281474976710655.000000	21.246788	2545	0.000000
281474976710655.000000	22.975927	2546	0.000000
281474976710655.000000	22.920446	2547	0.000000
281474976710655.000000	24.191851	2548	0.000000
281474976710655.000000	23.514585	2549	0.000000
281474976710655.000000	22.016399	2550	0.000000
281474976710655.000000	23.909288	2551	0.000000
281474976710655.000000	23.219893	2552	0.000000
281474976710655.000000	20.741922	2553	0.000000
281474976710655.000000	22.928144	2554	0.000000
281474976710655.000000	25.313557	2555	0.000000
281474976710655.000000	24.843676	2556	0.000000
281474976710655.000000	24.569279	2557	0.000000
281474976710655.000000	21.434162	2558	0.000000
281474976710655.000000	20.857954	2559	0.000000
281474976710655.000000	24.182165	2560	0.000000
281474976710655.000000	21.298174	2561	0.000000
281474976710655.000000	22.410778	2562	0.000000
281474976710655.000000	20.373432	2563	0.000000
281474976710655.000000	21.178627	2564	0.000000
281474976710655.000000	21.885546	2565	0.000000
281474976710655.000000	23.239103	2566	0.000000
281474976710655.000000	23.757051	2567	0.000000
281474976710655.000000	19.617262	2568	0.000000
281474976710655.000000	23.362486	2569	0.000000
281474976710655.000000	22.394684	2570	0.000000
281474976710655.000000	23.952791	2571	0.000000
281474976710655.000000	22.603310	2572	0.000000
281474976710655.000000	21.935331	2573	0.000000
281474976710655.000000	22.018343	2574	0.000000
281474976710655.000000	25.813070	2575	0.000000
281474976710655.000000	25.497551	2576	0.000000
281474976710655.000000	23.620249	2577	0.000000
281474976710655.000000	21.591932	2578	0.000000
281474976710655.000000	22.770836	2579	0.000000
281474976710655.000000	22.494295	2580	0.000000
281474976710655.000000	22.475105	2581	0.000000
281474976710655.000000	22.850677	2582	0.000000
281474976710655.000000	19.704329	2583	0.000000
281474976710655.000000	22.015368	2584	0.000000
281474976710655.000000	20.488392	2585	0.000000
281474976710655.000000	21.229050	2586	0.000000
281474976710655.000000	22.471977	2587	0.000000
281474976710655.000000	20.999870	2588	0.000000
281474976710655.000000	21.894434	2589	0.000000
281474976710655.000000	22.058624	2590	0.000000
281474976710655.000000	21.942339	2591	0.000000
281474976710655.000000	21.949907	2592	0.000000
281474976710655.000000	23.395044	2593	0.000000
281474976710655.000000	21.728090	2594	0.000000
281474976710655.000000	20.098413	2595	0.000000
281474976710655.000000	19.450190	2596	0.000000
281474976710655.000000	20.553415	2597	0.000000
281474976710655.000000	20.130745	2598	0.000000
281474976710655.000000	21.517284	2599	0.000000
281474976710655.000000	19.241150	2600	0.000000
281474976710655.000000	18.019325	2601	0.000000
281474976710655.000000	19.218761	2602	0.000000
281474976710655.000000	22.607227	2603	0.000000
281474976710655.000000	18.203379	2604	0.000000
281474976710655.000000	20.590115	2605	0.000000
281474976710655.000000	19.414623	2606	0.000000
281474976710655.000000	21.890343	2607	0.000000
281474976710655.000000	19.274467	2608	0.000000
281474976710655.000000	21.216757	2609	0.000000
281474976710655.000000	21.984436	2610	0.000000
281474976710655.000000	19.932566	2611	0.000000
281474976710655.000000	20.300125	2612	0.000000
281474976710655.000000	20.110916	2613	0.000000
281474976710655.000000	20.686817	2614	0.000000
281474976710655.000000	20.852226	2615	0.000000
281474976710655.000000	20.220238	2616	0.000000
281474976710655.000000	19.946812	2617	0.000000
281474976710655.000000	19.333063	2618	0.000000
281474976710655.000000	19.944838	2619	0.000000
281474976710655.000000	19.322102	2620	0.000000
281474976710655.000000	20.465477	2621	0.000000
281474976710655.000000	20.001736	2622	0.000000
281474976710655.000000	20.017334	2623	0.000000
281474976710655.000000	18.989458	2624	0.000000
281474976710655.000000	19.429674	2625	0.000000
281474976710655.000000	20.134985	2626	0.000000
281474976710655.000000	19.825603	2627	0.000000
281474976710655.000000	19.391552	2628	0.000000
281474976710655.000000	18.976578	2629	0.000000
281474976710655.000000	18.536579	2630	0.000000
281474976710655.000000	19.658205	2631	0.000000
281474976710655.000000	18.296040	2632	0.000000
281474976710655.000000	19.322668	2633	0.000000
281474976710655.000000	18.468710	2634	0.000000
281474976710655.000000	18.925131	2635	0.000000
281474976710655.000000	17.825315	2636	0.000000
281474976710655.000000	18.423882	2637	0.000000
281474976710655.000000	18.875427	2638	0.000000
281474976710655.000000	18.014175	2639	0.000000
