crossing time (s)	slope (V/s)	crossing number
281474976710655.000000	66.934578	3662	0.000000
281474976710655.000000	45.444931	3663	0.000000
281474976710655.000000	69.021935	3664	0.000000
281474976710655.000000	67.591904	3665	0.000000
281474976710655.000000	Inf	3666	0.000000
281474976710655.000000	65.510323	3667	0.000000
281474976710655.000000	61.921833	3668	0.000000
281474976710655.000000	53.699501	3669	0.000000
281474976710655.000000	64.774704	3670	0.000000
281474976710655.000000	64.105949	3671	0.000000
281474976710655.000000	64.339996	3672	0.000000
281474976710655.000000	60.450546	3673	0.000000
281474976710655.000000	60.160709	3674	0.000000
281474976710655.000000	40.991848	3675	0.000000
281474976710655.000000	63.271431	3676	0.000000
281474976710655.000000	37.788734	3677	0.000000
281474976710655.000000	38.288673	3678	0.000000
281474976710655.000000	57.150787	3679	0.000000
281474976710655.000000	36.917187	3680	0.000000
281474976710655.000000	62.282642	3681	0.000000
281474976710655.000000	58.007450	3682	0.000000
281474976710655.000000	58.845673	3683	0.000000
281474976710655.000000	47.482269	3684	0.000000
281474976710655.000000	42.125233	3685	0.000000
281474976710655.000000	58.608269	3686	0.000000
281474976710655.000000	55.033138	3687	0.000000
281474976710655.000000	36.971558	3688	0.000000
281474976710655.000000	43.031471	3689	0.000000
281474976710655.000000	57.456234	3690	0.000000
281474976710655.000000	77.578186	3691	0.000000
281474976710655.000000	54.424686	3692	0.000000
281474976710655.000000	53.651031	3693	0.000000
281474976710655.000000	54.182487	3694	0.000000
281474976710655.000000	41.161034	3695	0.000000
281474976710655.000000	53.078392	3696	0.000000
281474976710655.000000	38.416809	3697	0.000000
281474976710655.000000	51.907280	3698	0.000000
281474976710655.000000	49.955654	3699	0.000000
281474976710655.000000	41.619904	3700	0.000000
281474976710655.000000	97.936249	3701	0.000000
281474976710655.000000	51.457401	3702	0.000000
281474976710655.000000	57.020252	3703	0.000000
281474976710655.000000	68.329803	3704	0.000000
281474976710655.000000	41.303345	3705	0.000000
281474976710655.000000	47.972961	3706	0.000000
281474976710655.000000	45.530521	3707	0.000000
281474976710655.000000	37.708099	3708	0.000000
281474976710655.000000	39.258770	3709	0.000000
281474976710655.000000	54.485043	3710	0.000000
281474976710655.000000	40.174950	3711	0.000000
281474976710655.000000	78.995766	3712	0.000000
281474976710655.000000	39.375095	3713	0.000000
281474976710655.000000	52.716717	3714	0.000000
281474976710655.000000	64.564857	3715	0.000000
281474976710655.000000	56.700062	3716	0.000000
281474976710655.000000	43.035469	3717	0.000000
281474976710655.000000	38.248875	3718	0.000000
281474976710655.000000	46.943123	3719	0.000000
281474976710655.000000	36.436489	3720	0.000000
281474976710655.000000	42.097656	3721	0.000000
281474976710655.000000	53.968609	3722	0.000000
281474976710655.000000	41.518517	3723	0.000000
281474976710655.000000	48.858959	3724	0.000000
281474976710655.000000	35.610870	3725	0.000000
281474976710655.000000	35.676525	3726	0.000000
281474976710655.000000	35.000980	3727	0.000000
281474976710655.000000	39.903595	3728	0.000000
281474976710655.000000	41.589249	3729	0.000000
281474976710655.000000	44.396374	3730	0.000000
281474976710655.000000	34.394878	3731	0.000000
281474976710655.000000	33.779148	3732	0.000000
281474976710655.000000	35.509106	3733	0.000000
281474976710655.000000	41.724670	3734	0.000000
281474976710655.000000	32.972130	3735	0.000000
281474976710655.000000	38.154579	3736	0.000000
281474976710655.000000	31.569326	3737	0.000000
281474976710655.000000	32.328815	3738	0.000000
281474976710655.000000	31.607676	3739	0.000000
281474976710655.000000	38.120655	3740	0.000000
281474976710655.000000	31.876513	3741	0.000000
281474976710655.000000	44.366940	3742	0.000000
281474976710655.000000	35.001949	3743	0.000000
281474976710655.000000	38.335011	3744	0.000000
281474976710655.000000	29.056057	3745	0.000000
281474976710655.000000	30.715313	3746	0.000000
281474976710655.000000	41.638721	3747	0.000000
281474976710655.000000	29.436445	3748	0.000000
281474976710655.000000	38.857338	3749	0.000000
281474976710655.000000	28.966719	3750	0.000000
281474976710655.000000	28.025585	3751	0.000000
281474976710655.000000	31.940340	3752	0.000000
281474976710655.000000	27.861727	3753	0.000000
281474976710655.000000	30.449892	3754	0.000000
281474976710655.000000	27.377014	3755	0.000000
281474976710655.000000	33.934345	3756	0.000000
281474976710655.000000	35.452309	3757	0.000000
281474976710655.000000	37.402214	3758	0.000000
281474976710655.000000	28.410564	3759	0.000000
281474976710655.000000	35.810902	3760	0.000000
281474976710655.000000	26.338480	3761	0.000000
281474976710655.000000	33.042606	3762	0.000000
281474976710655.000000	25.967937	3763	0.000000
281474976710655.000000	25.175636	3764	0.000000
281474976710655.000000	32.630665	3765	0.000000
281474976710655.000000	33.363407	3766	0.000000
281474976710655.000000	28.196260	3767	0.000000
281474976710655.000000	28.551090	3768	0.000000
281474976710655.000000	31.865465	3769	0.000000
281474976710655.000000	28.038052	3770	0.000000
281474976710655.000000	30.945442	3771	0.000000
281474976710655.000000	28.167068	3772	0.000000
281474976710655.000000	25.827253	3773	0.000000
281474976710655.000000	31.504757	3774	0.000000
281474976710655.000000	28.864630	3775	0.000000
281474976710655.000000	26.176592	3776	0.000000
281474976710655.000000	27.700308	3777	0.000000
281474976710655.000000	28.288090	3778	0.000000
281474976710655.000000	27.236799	3779	0.000000
281474976710655.000000	24.767649	3780	0.000000
281474976710655.000000	24.696394	3781	0.000000
281474976710655.000000	26.282377	3782	0.000000
281474976710655.000000	23.054968	3783	0.000000
281474976710655.000000	27.951250	3784	0.000000
281474976710655.000000	25.497168	3785	0.000000
281474976710655.000000	21.892099	3786	0.000000
281474976710655.000000	24.496357	3787	0.000000
281474976710655.000000	25.109741	3788	0.000000
281474976710655.000000	25.295698	3789	0.000000
281474976710655.000000	24.753864	3790	0.000000
281474976710655.000000	23.308535	3791	0.000000
281474976710655.000000	25.544777	3792	0.000000
281474976710655.000000	24.434296	3793	0.000000
281474976710655.000000	24.510685	3794	0.000000
281474976710655.000000	20.276537	3795	0.000000
281474976710655.000000	21.625935	3796	0.000000
281474976710655.000000	21.060846	3797	0.000000
281474976710655.000000	23.438854	3798	0.000000
281474976710655.000000	23.234137	3799	0.000000
281474976710655.000000	23.770262	3800	0.000000
281474976710655.000000	22.899843	3801	0.000000
281474976710655.000000	21.825397	3802	0.000000
281474976710655.000000	20.019533	3803	0.000000
281474976710655.000000	22.081373	3804	0.000000
281474976710655.000000	21.590984	3805	0.000000
281474976710655.000000	21.059341	3806	0.000000
281474976710655.000000	21.112829	3807	0.000000
281474976710655.000000	20.014950	3808	0.000000
281474976710655.000000	19.982533	3809	0.000000
281474976710655.000000	20.831007	3810	0.000000
281474976710655.000000	20.189754	3811	0.000000
281474976710655.000000	18.834629	3812	0.000000
281474976710655.000000	19.210356	3813	0.000000
281474976710655.000000	20.158012	3814	0.000000
281474976710655.000000	19.182701	3815	0.000000
281474976710655.000000	19.580675	3816	0.000000
281474976710655.000000	18.360134	3817	0.000000
281474976710655.000000	19.594526	3818	0.000000
281474976710655.000000	18.010132	3819	0.000000
281474976710655.000000	18.621614	3820	0.000000
281474976710655.000000	18.475197	3821	0.000000
281474976710655.000000	18.772945	3822	0.000000
281474976710655.000000	17.558924	3823	0.000000
281474976710655.000000	17.362719	3824	0.000000
281474976710655.000000	17.232203	3825	0.000000
281474976710655.000000	18.313982	3826	0.000000
281474976710655.000000	17.197138	3827	0.000000
281474976710655.000000	16.691858	3828	0.000000
281474976710655.000000	17.058035	3829	0.000000
281474976710655.000000	17.439438	3830	0.000000
281474976710655.000000	16.985350	3831	0.000000
281474976710655.000000	16.693142	3832	0.000000
281474976710655.000000	16.407587	3833	0.000000
281474976710655.000000	16.350809	3834	0.000000
281474976710655.000000	16.146141	3835	0.000000
281474976710655.000000	16.408518	3836	0.000000
281474976710655.000000	15.221054	3837	0.000000
281474976710655.000000	16.016850	3838	0.000000
281474976710655.000000	15.223045	3839	0.000000
281474976710655.000000	15.560629	3840	0.000000
281474976710655.000000	15.070582	3841	0.000000
281474976710655.000000	14.850212	3842	0.000000
281474976710655.000000	15.418190	3843	0.000000
281474976710655.000000	15.668119	3844	0.000000
281474976710655.000000	13.941888	3845	0.000000
281474976710655.000000	15.534345	3846	0.000000
281474976710655.000000	14.872077	3847	0.000000
281474976710655.000000	14.291336	3848	0.000000
281474976710655.000000	14.557551	3849	0.000000
281474976710655.000000	13.827726	3850	0.000000
281474976710655.000000	13.390806	3851	0.000000
281474976710655.000000	13.720388	3852	0.000000
281474976710655.000000	13.846491	3853	0.000000
281474976710655.000000	13.714965	3854	0.000000
281474976710655.000000	13.601208	3855	0.000000
281474976710655.000000	13.835522	3856	0.000000
281474976710655.000000	13.209025	3857	0.000000
281474976710655.000000	12.706164	3858	0.000000
281474976710655.000000	12.783421	3859	0.000000
281474976710655.000000	12.925453	3860	0.000000
281474976710655.000000	12.412186	3861	0.000000
281474976710655.000000	12.417839	3862	0.000000
281474976710655.000000	12.299281	3863	0.000000
281474976710655.000000	12.443997	3864	0.000000
281474976710655.000000	11.967242	3865	0.000000
281474976710655.000000	12.521546	3866	0.000000
281474976710655.000000	12.018063	3867	0.000000
281474976710655.000000	11.785316	3868	0.000000
281474976710655.000000	11.554291	3869	0.000000
281474976710655.000000	12.119311	3870	0.000000
281474976710655.000000	11.946026	3871	0.000000
281474976710655.000000	11.849094	3872	0.000000
281474976710655.000000	11.373838	3873	0.000000
281474976710655.000000	11.677707	3874	0.000000
281474976710655.000000	11.736599	3875	0.000000
281474976710655.000000	11.236526	3876	0.000000
281474976710655.000000	10.791954	3877	0.000000
281474976710655.000000	11.012264	3878	0.000000
281474976710655.000000	10.959976	3879	0.000000
281474976710655.000000	11.115112	3880	0.000000
281474976710655.000000	10.931332	3881	0.000000
281474976710655.000000	10.766024	3882	0.000000
281474976710655.000000	10.528576	3883	0.000000
281474976710655.000000	10.891734	3884	0.000000
281474976710655.000000	10.368424	3885	0.000000
281474976710655.000000	10.252024	3886	0.000000
281474976710655.000000	10.071393	3887	0.000000
281474976710655.000000	10.392222	3888	0.000000
281474976710655.000000	10.296133	3889	0.000000
281474976710655.000000	9.770262	3890	0.000000
281474976710655.000000	9.894545	3891	0.000000
281474976710655.000000	9.345494	3892	0.000000
281474976710655.000000	9.725487	3893	0.000000
281474976710655.000000	9.532391	3894	0.000000
281474976710655.000000	9.256661	3895	0.000000
281474976710655.000000	9.303515	3896	0.000000
281474976710655.000000	8.960050	3897	0.000000
281474976710655.000000	9.007866	3898	0.000000
281474976710655.000000	9.065809	3899	0.000000
281474976710655.000000	9.125613	3900	0.000000
281474976710655.000000	8.721133	3901	0.000000
281474976710655.000000	8.811599	3902	0.000000
281474976710655.000000	8.438912	3903	0.000000
281474976710655.000000	8.794617	3904	0.000000
281474976710655.000000	8.567924	3905	0.000000
281474976710655.000000	8.584214	3906	0.000000
281474976710655.000000	8.238728	3907	0.000000
281474976710655.000000	8.383148	3908	0.000000
