crossing time (s)	slope (V/s)	crossing number
281474976710655.000000	80.918983	2783	0.000000
281474976710655.000000	37.614433	2784	0.000000
281474976710655.000000	78.948845	2785	0.000000
281474976710655.000000	Inf	2786	0.000000
281474976710655.000000	77.225250	2787	0.000000
281474976710655.000000	76.430809	2788	0.000000
281474976710655.000000	78.140709	2789	0.000000
281474976710655.000000	150.539581	2790	0.000000
281474976710655.000000	82.266708	2791	0.000000
281474976710655.000000	73.649979	2792	0.000000
281474976710655.000000	74.217712	2793	0.000000
281474976710655.000000	68.148437	2794	0.000000
281474976710655.000000	69.124954	2795	0.000000
281474976710655.000000	77.891129	2796	0.000000
281474976710655.000000	51.662582	2797	0.000000
281474976710655.000000	67.121330	2798	0.000000
281474976710655.000000	67.748817	2799	0.000000
281474976710655.000000	63.997818	2800	0.000000
281474976710655.000000	62.722771	2801	0.000000
281474976710655.000000	61.588730	2802	0.000000
281474976710655.000000	42.670521	2803	0.000000
281474976710655.000000	38.210636	2804	0.000000
281474976710655.000000	38.125031	2805	0.000000
281474976710655.000000	99.404396	2806	0.000000
281474976710655.000000	60.244625	2807	0.000000
281474976710655.000000	56.912148	2808	0.000000
281474976710655.000000	56.770233	2809	0.000000
281474976710655.000000	54.641685	2810	0.000000
281474976710655.000000	54.536053	2811	0.000000
281474976710655.000000	25.870232	2812	0.000000
281474976710655.000000	61.076145	2813	0.000000
281474976710655.000000	42.601471	2814	0.000000
281474976710655.000000	51.746437	2815	0.000000
281474976710655.000000	50.055447	2816	0.000000
281474976710655.000000	78.673325	2817	0.000000
281474976710655.000000	52.844025	2818	0.000000
281474976710655.000000	37.767376	2819	0.000000
281474976710655.000000	45.931202	2820	0.000000
281474976710655.000000	38.443756	2821	0.000000
281474976710655.000000	45.414520	2822	0.000000
281474976710655.000000	42.169857	2823	0.000000
281474976710655.000000	34.695023	2824	0.000000
281474976710655.000000	36.502666	2825	0.000000
281474976710655.000000	45.056400	2826	0.000000
281474976710655.000000	47.602482	2827	0.000000
281474976710655.000000	39.284958	2828	0.000000
281474976710655.000000	38.716114	2829	0.000000
281474976710655.000000	34.792702	2830	0.000000
281474976710655.000000	33.296108	2831	0.000000
281474976710655.000000	32.534618	2832	0.000000
281474976710655.000000	45.876411	2833	0.000000
281474976710655.000000	42.045605	2834	0.000000
281474976710655.000000	43.319294	2835	0.000000
281474976710655.000000	37.433971	2836	0.000000
281474976710655.000000	31.826099	2837	0.000000
281474976710655.000000	39.130695	2838	0.000000
281474976710655.000000	29.221588	2839	0.000000
281474976710655.000000	31.927349	2840	0.000000
281474976710655.000000	39.053173	2841	0.000000
281474976710655.000000	33.229984	2842	0.000000
281474976710655.000000	28.708849	2843	0.000000
281474976710655.000000	34.621929	2844	0.000000
281474976710655.000000	28.468924	2845	0.000000
281474976710655.000000	30.732977	2846	0.000000
281474976710655.000000	24.748344	2847	0.000000
281474976710655.000000	29.450846	2848	0.000000
281474976710655.000000	24.630987	2849	0.000000
281474976710655.000000	24.984463	2850	0.000000
281474976710655.000000	27.455006	2851	0.000000
281474976710655.000000	27.848543	2852	0.000000
281474976710655.000000	26.407244	2853	0.000000
281474976710655.000000	24.599167	2854	0.000000
281474976710655.000000	26.314318	2855	0.000000
281474976710655.000000	21.820763	2856	0.000000
281474976710655.000000	21.874271	2857	0.000000
281474976710655.000000	25.637123	2858	0.000000
281474976710655.000000	23.213982	2859	0.000000
281474976710655.000000	23.478483	2860	0.000000
281474976710655.000000	20.656847	2861	0.000000
281474976710655.000000	23.935654	2862	0.000000
281474976710655.000000	22.420219	2863	0.000000
281474976710655.000000	22.736845	2864	0.000000
281474976710655.000000	22.852005	2865	0.000000
281474976710655.000000	19.701990	2866	0.000000
281474976710655.000000	20.385399	2867	0.000000
281474976710655.000000	20.793741	2868	0.000000
281474976710655.000000	20.599531	2869	0.000000
281474976710655.000000	19.447123	2870	0.000000
281474976710655.000000	18.734915	2871	0.000000
281474976710655.000000	17.473848	2872	0.000000
281474976710655.000000	18.616484	2873	0.000000
281474976710655.000000	18.392273	2874	0.000000
281474976710655.000000	18.199594	2875	0.000000
281474976710655.000000	17.828335	2876	0.000000
281474976710655.000000	17.580109	2877	0.000000
281474976710655.000000	16.897680	2878	0.000000
281474976710655.000000	16.640030	2879	0.000000
281474976710655.000000	16.951303	2880	0.000000
281474976710655.000000	15.723348	2881	0.000000
281474976710655.000000	15.900980	2882	0.000000
281474976710655.000000	15.358325	2883	0.000000
281474976710655.000000	14.997541	2884	0.000000
281474976710655.000000	14.636601	2885	0.000000
281474976710655.000000	14.553437	2886	0.000000
281474976710655.000000	13.831366	2887	0.000000
281474976710655.000000	14.702012	2888	0.000000
281474976710655.000000	13.817056	2889	0.000000
281474976710655.000000	13.852493	2890	0.000000
281474976710655.000000	12.712233	2891	0.000000
281474976710655.000000	12.913337	2892	0.000000
281474976710655.000000	13.094503	2893	0.000000
281474976710655.000000	12.309259	2894	0.000000
281474976710655.000000	12.143846	2895	0.000000
281474976710655.000000	12.186397	2896	0.000000
281474976710655.000000	11.704432	2897	0.000000
281474976710655.000000	11.908930	2898	0.000000
281474976710655.000000	11.149594	2899	0.000000
281474976710655.000000	11.473250	2900	0.000000
281474976710655.000000	11.448586	2901	0.000000
281474976710655.000000	10.464414	2902	0.000000
281474976710655.000000	10.540697	2903	0.000000
281474976710655.000000	10.603028	2904	0.000000
281474976710655.000000	10.109408	2905	0.000000
281474976710655.000000	10.141766	2906	0.000000
281474976710655.000000	10.453803	2907	0.000000
281474976710655.000000	9.457813	2908	0.000000
281474976710655.000000	9.567898	2909	0.000000
281474976710655.000000	9.108674	2910	0.000000
281474976710655.000000	9.065334	2911	0.000000
281474976710655.000000	9.060074	2912	0.000000
281474976710655.000000	8.759338	2913	0.000000
281474976710655.000000	8.458023	2914	0.000000
281474976710655.000000	8.216928	2915	0.000000
281474976710655.000000	8.197784	2916	0.000000
281474976710655.000000	8.126027	2917	0.000000
281474976710655.000000	7.948818	2918	0.000000
281474976710655.000000	7.608015	2919	0.000000
281474976710655.000000	7.636404	2920	0.000000
281474976710655.000000	7.406859	2921	0.000000
281474976710655.000000	7.350667	2922	0.000000
281474976710655.000000	7.215071	2923	0.000000
281474976710655.000000	7.184840	2924	0.000000
281474976710655.000000	6.866075	2925	0.000000
281474976710655.000000	6.945571	2926	0.000000
281474976710655.000000	6.499010	2927	0.000000
281474976710655.000000	6.493700	2928	0.000000
281474976710655.000000	6.369164	2929	0.000000
281474976710655.000000	6.429304	2930	0.000000
281474976710655.000000	6.049106	2931	0.000000
281474976710655.000000	6.122042	2932	0.000000
